STATIONS_ID;MESS_DATUM;QN_3;  FX;  FM;QN_4; RSK;RSKF; SDK;SHK_TAG;  NM; VPM;  PM; TMK; UPM; TXK; TNK; TGK;eor
       1975;20231126;   10;   4.1;   1.5;    9;   0.7;   8;    0.000;   0;   6.4;   5.6; 1010.20;    0.1;   90.00;    2.2;   -3.8;   -6.2;eor
       1975;20231127;   10;  11.8;   4.8;    9;   3.9;   8;    0.000;   0;   7.7;   6.3; 1002.30;    1.3;   93.00;    2.4;   -0.1;   -0.9;eor
       1975;20231128;   10;  11.1;   3.6;    9;   3.7;   8;    0.200;   0;   7.3;   4.6; 1002.10;   -1.1;   82.00;    0.4;   -4.2;   -6.0;eor
       1975;20231129;   10;  10.1;   3.9;    9;   2.9;   8;    0.000;-999;   7.6;   5.3;  997.20;   -1.0;   93.00;    1.1;   -5.0;   -5.9;eor
       1975;20231130;   10;   5.1;   1.4;    9;   0.0;   7;    0.400;-999;   6.5;   4.4; 1001.80;   -3.0;   89.00;   -0.7;   -6.2;   -8.1;eor
       1975;20231201;   10;   4.1;   1.6;    9;   1.3;   8;    5.000;-999;   6.0;   4.3; 1005.90;   -3.5;   90.00;    0.1;   -8.5;   -8.0;eor
       1975;20231202;   10;   5.1;   1.6;    9;   0.2;   8;    0.300;-999;   7.9;   5.1; 1010.30;   -1.5;   94.00;    0.7;   -2.4;   -3.8;eor
       1975;20231203;   10;   6.7;   2.3;    9;   0.0;   0;    1.700;-999;   7.2;   5.1; 1018.20;   -1.5;   93.00;    0.6;   -3.8;   -5.3;eor
       1975;20231204;   10;   9.8;   4.7;    9;   1.8;   8;    0.000;-999;   7.0;   4.7; 1011.50;   -1.2;   84.00;   -0.2;   -2.6;   -4.8;eor
       1975;20231205;   10;   9.8;   4.9;    9;   4.6;   8;    0.000;   8;   7.7;   5.0; 1005.40;   -1.2;   90.00;   -0.4;   -2.3;   -2.8;eor
       1975;20231206;   10;   5.7;   2.1;    9;   0.0;   8;    0.000;  11;   8.0;   5.9; 1010.00;    0.0;   97.00;    0.4;   -0.6;   -0.7;eor
       1975;20231207;   10;   7.2;   2.0;    9;   0.0;   0;    0.300;   9;   7.8;   6.4; 1016.70;    0.9;   97.00;    2.3;    0.3;   -0.1;eor
       1975;20231208;   10;  10.1;   4.6;    9;   1.0;   8;    0.000;   5;   7.7;   5.9; 1009.50;    0.6;   92.00;    1.4;   -0.3;   -1.8;eor
       1975;20231209;   10;  13.7;   4.9;    9;   9.0;   6;    0.200;   4;   7.6;   7.6; 1003.00;    3.7;   96.00;    5.2;    1.0;    0.6;eor
       1975;20231210;   10;  11.7;   4.6;    9;  10.4;   6;    0.000;   0;   7.5;   9.4;  995.70;    6.9;   94.00;    8.5;    4.4;    3.5;eor
       1975;20231211;   10;   8.7;   3.3;    9;   9.1;   6;    0.000;   0;   7.8;  10.1;  994.90;    7.7;   96.00;    9.9;    5.9;    5.5;eor
       1975;20231212;   10;   9.3;   2.5;    9;   5.9;   6;    0.000;   0;   7.8;   8.9; 1003.10;    5.8;   96.00;    6.4;    5.3;    4.7;eor
       1975;20231213;   10;  10.6;   5.2;    9;   0.3;   6;    0.000;   0;   7.8;   7.8;  999.90;    4.4;   93.00;    5.7;    3.4;    2.9;eor
       1975;20231214;   10;   7.5;   2.6;    9;   0.0;   6;    0.000;   0;   7.6;   7.0; 1015.70;    3.2;   91.00;    4.5;   -0.6;   -3.6;eor
       1975;20231215;   10;   7.9;   3.5;    9;   0.1;   6;    0.000;   0;   7.8;   8.6; 1028.10;    5.7;   94.00;    7.9;    1.2;   -0.3;eor
       1975;20231216;   10;  12.0;   5.4;    9;   0.2;   6;    0.000;   0;   7.8;   9.4; 1031.70;    7.5;   91.00;    9.2;    6.1;    4.8;eor
       1975;20231217;   10;  14.6;   6.3;    9;   0.0;   6;    0.100;   0;   7.2;   9.8; 1028.50;    9.3;   83.00;    9.9;    7.8;    5.8;eor
       1975;20231218;   10;  13.0;   6.4;    9;   1.4;   6;    0.000;   0;   7.9;   9.6; 1023.40;    7.6;   92.00;    8.1;    7.3;    6.8;eor
       1975;20231219;   10;  12.3;   5.3;    9;   9.2;   6;    0.000;   0;   7.8;   9.8; 1012.40;    7.3;   95.00;    8.3;    5.3;    3.2;eor
       1975;20231220;   10;  17.1;   5.4;    9;  13.9;   6;    0.600;   0;   6.6;   8.0; 1003.30;    5.5;   88.00;    7.5;    3.6;    2.6;eor
       1975;20231221;   10;  23.0;   8.6;    9;  15.1;   6;    0.000;   0;   7.0;   9.0;  985.60;    7.8;   83.00;    9.9;    5.7;    4.0;eor
       1975;20231222;   10;  22.1;   8.3;    9;   3.3;   8;    1.400;   0;   5.8;   6.2;  990.30;    4.2;   76.00;    6.2;    2.2;    0.4;eor
       1975;20231223;   10;  13.5;   3.6;    9;  22.4;   8;    0.000;   0;   6.8;   6.9;  998.90;    3.0;   91.00;    4.1;    0.5;   -0.3;eor
       1975;20231224;   10;  20.6;   6.6;    9;   5.8;   6;    0.000;   0;   7.5;  11.2;  994.20;    9.6;   94.00;   12.7;    3.5;    3.3;eor
       1975;20231225;   10;  21.1;   6.9;    9;   4.4;   6;    3.900;   0;   6.5;   8.9;  998.70;    9.0;   78.00;   11.5;    6.1;    4.2;eor
       1975;20231226;   10;  16.6;   6.6;    9;   2.1;   6;    0.100;   0;   6.5;   8.8; 1004.80;    7.4;   85.00;    9.5;    4.0;    1.5;eor
       1975;20231227;   10;  13.2;   4.1;    9;   1.0;   6;    0.000;   0;   5.7;   7.2; 1014.40;    3.6;   91.00;    8.3;    0.5;   -2.1;eor
       1975;20231228;   10;  17.7;   9.0;    9;   4.3;   6;    0.000;   0;   7.5;   9.3; 1004.10;    9.6;   78.00;   11.4;    7.3;    5.6;eor
       1975;20231229;   10;  20.1;   7.0;    9;   3.7;   6;    1.000;   0;   7.2;   8.8; 1000.40;    8.6;   79.00;   10.0;    6.4;    5.1;eor
       1975;20231230;   10;  13.4;   4.6;    9;   6.8;   6;    0.100;   0;   7.5;   8.2; 1006.00;    6.0;   87.00;    7.3;    3.6;    0.3;eor
       1975;20231231;   10;  12.2;   5.2;    9;   0.5;   6;    0.200;   0;   7.7;   8.5; 1000.00;    6.7;   86.00;    8.1;    4.8;    3.3;eor
       1975;20240101;   10;  13.2;   5.7;    9;   4.4;   6;    0.000;   0;   7.1;   8.3;  999.20;    6.6;   85.00;    8.0;    3.5;    1.3;eor
       1975;20240102;   10;  11.3;   5.3;    9;  30.8;   6;    0.000;   0;   7.8;   8.5;  992.10;    5.3;   95.00;    8.9;    3.4;    2.2;eor
       1975;20240103;   10;  17.8;   7.2;    9;   7.9;   8;    0.000;   0;   7.8;   9.7;  982.40;    8.5;   87.00;   10.4;    5.6;    5.2;eor
       1975;20240104;   10;  14.6;   4.8;    9;   0.2;   8;    0.000;   0;   7.8;   5.9;  997.70;    1.5;   87.00;    5.6;   -0.3;   -0.4;eor
       1975;20240105;   10;  12.3;   5.7;    9;   5.6;   8;    0.000;   0;   7.9;   5.4; 1002.40;   -0.5;   91.00;    0.4;   -1.1;   -1.1;eor
       1975;20240106;   10;  10.3;   5.5;    9;   2.3;   8;    0.000;   4;   7.5;   5.0; 1010.70;   -1.2;   89.00;   -0.7;   -1.6;   -3.5;eor
       1975;20240107;   10;   8.7;   3.9;    9;   0.1;   8;    5.000;   7;   6.0;   4.0; 1024.90;   -1.9;   76.00;   -0.3;   -3.7;   -5.9;eor
       1975;20240108;   10;  11.8;   4.4;    9;   0.0;   0;    2.000;   6;   4.5;   4.0; 1033.80;   -2.0;   75.00;   -0.3;   -5.5;  -10.3;eor
       1975;20240109;   10;   4.1;   1.5;    9;   0.0;   0;    6.500;   6;   0.3;   3.6; 1036.50;   -5.7;   91.00;   -1.5;   -9.1;  -14.6;eor
       1975;20240110;   10;   6.7;   2.3;    9;   0.0;   0;    0.000;   6;   7.9;   4.3; 1032.80;   -3.7;   93.00;   -2.3;   -6.2;   -5.6;eor
       1975;20240111;   10;   6.7;   2.0;    9;   0.0;   6;    0.000;   6;   7.4;   5.4; 1030.50;   -1.2;   97.00;    1.7;   -3.7;   -6.3;eor
       1975;20240112;   10;   8.7;   3.0;    9;   0.4;   8;    0.000;   5;   7.8;   5.8; 1026.40;   -0.1;   95.00;    3.7;   -4.4;   -5.4;eor
       1975;20240113;   10;  11.8;   5.4;    9;   3.9;   6;    0.000;   1;   7.5;   7.4; 1012.70;    3.5;   94.00;    5.0;    2.5;    1.2;eor
       1975;20240114;   10;  12.2;   5.1;    9;   3.6;   8;    0.200;   0;   6.9;   6.6;  999.80;    2.8;   88.00;    3.9;    0.7;   -0.3;eor
       1975;20240115;   10;  13.9;   4.3;    9;   0.4;   8;    0.000;   0;   7.2;   5.9;  992.50;    1.0;   89.00;    2.9;   -1.4;   -2.2;eor
       1975;20240116;   10;  11.8;   4.5;    9;   0.8;   7;    0.000;   0;   6.9;   5.3; 1001.60;   -0.5;   89.00;    0.9;   -2.1;   -3.2;eor
       1975;20240117;   10;  12.2;   4.7;    9;   0.0;   8;    0.000;   0;   7.6;   4.4;  991.20;   -1.1;   77.00;   -0.1;   -3.8;   -6.0;eor
       1975;20240118;   10;   9.3;   2.1;    9;   1.0;   8;    7.000;   0;   2.8;   4.6;  996.50;   -1.9;   87.00;    2.2;   -6.4;   -9.5;eor
       1975;20240119;   10;  14.6;   6.1;    9;   1.6;   8;    2.500;   2;   5.6;   5.6; 1011.10;    1.0;   85.00;    2.9;   -1.2;   -3.2;eor
       1975;20240120;   10;  12.0;   6.1;    9;   0.0;   0;    2.600;   1;   7.2;   5.5; 1021.30;    1.7;   80.00;    3.9;   -0.3;   -2.1;eor
       1975;20240121;   10;  18.0;   7.3;    9;   1.1;   6;    0.000;   0;   7.9;   4.6; 1016.30;    3.2;   58.00;    6.6;   -0.2;   -3.8;eor
       1975;20240122;   10;  19.9;   8.5;    9;   5.9;   6;    0.100;   0;   7.4;   8.8; 1001.80;    8.3;   80.00;   10.2;    5.6;    4.2;eor
       1975;20240123;   10;  19.0;   7.4;    9;  12.6;   6;    0.500;   0;   7.6;   8.0; 1012.80;    6.9;   80.00;    8.1;    5.2;    3.9;eor
       1975;20240124;   10;  22.8;  10.8;    9;   0.6;   6;    0.000;   0;   7.3;   9.4; 1007.40;    9.7;   78.00;   12.0;    7.1;    5.4;eor
       1975;20240125;   10;  16.5;   5.6;    9;   0.0;   6;    0.000;   0;   7.3;   8.2; 1021.40;    6.5;   85.00;    7.7;    3.5;   -0.4;eor
       1975;20240126;   10;  23.3;   7.1;    9;   6.7;   6;    0.000;   0;   7.4;   8.8; 1017.60;    7.1;   87.00;   10.3;    5.2;    3.9;eor
       1975;20240127;   10;  11.8;   4.3;    9;   0.0;   0;    7.100;   0;   3.6;   7.3; 1030.20;    4.9;   84.00;    7.9;    1.3;   -2.1;eor
       1975;20240128;   10;   9.3;   3.8;    9;   0.0;   0;    7.300;   0;   4.4;   5.9; 1029.30;    3.1;   78.00;    8.1;   -1.0;   -4.6;eor
       1975;20240129;   10;   7.4;   2.9;    9;   0.0;   0;    6.100;   0;   6.9;   6.1; 1024.60;    5.4;   68.00;    9.9;    2.5;   -1.8;eor
       1975;20240130;   10;  13.7;   3.7;    9;   0.4;   6;    0.000;   0;   8.0;   8.4; 1023.90;    6.9;   84.00;   10.5;    2.7;   -1.3;eor
       1975;20240131;   10;  16.3;   6.5;    9;   2.6;   6;    0.400;   0;   7.8;   6.9; 1025.70;    5.5;   76.00;    6.6;    4.5;    3.3;eor
       1975;20240201;   10;  17.1;   6.4;    9;   0.0;   6;    5.000;   0;   5.3;   7.9; 1021.50;    6.1;   84.00;    8.1;    4.4;    2.2;eor
       1975;20240202;   10;  13.9;   6.0;    9;   2.6;   6;    0.000;   0;   7.8;   8.8; 1019.40;    6.8;   89.00;    9.9;    4.7;    4.1;eor
       1975;20240203;   10;  15.4;   7.0;    9;   0.1;   6;    0.000;   0;   7.6;   9.9; 1015.70;    9.1;   85.00;   10.4;    6.2;    3.8;eor
       1975;20240204;   10;  17.0;   6.7;    9;   8.2;   6;    0.000;   0;   7.3;   8.5; 1011.70;    7.2;   83.00;    9.5;    5.9;    3.8;eor
       1975;20240205;   10;  18.9;   8.6;    9;   4.9;   6;    0.000;   0;   7.5;  10.2; 1007.30;    8.6;   91.00;    9.5;    8.0;    7.2;eor
       1975;20240206;   10;  17.0;   8.1;    9;  13.5;   6;    0.000;   0;   7.5;  10.0;  999.10;    9.1;   86.00;   11.2;    5.1;    4.3;eor
       1975;20240207;   10;  14.9;   4.8;    9;   0.1;   6;    2.300;   0;   7.6;   6.1; 1000.20;    3.7;   77.00;    5.9;   -0.5;   -4.0;eor
       1975;20240208;   10;   8.9;   2.9;    9;   1.9;   8;    0.000;   0;   7.1;   5.8;  998.90;    1.6;   85.00;    4.4;   -1.3;   -3.1;eor
       1975;20240209;   10;  12.2;   5.1;    9;   9.8;   8;    0.000;   0;   7.7;   6.7;  987.90;    2.0;   95.00;    4.1;    0.6;    0.0;eor
       1975;20240210;   10;   9.1;   3.4;    9;   0.5;   6;    0.000;   0;   8.0;   9.0;  989.00;    5.6;   99.00;    7.5;    4.0;    3.6;eor
       1975;20240211;   10;   9.6;   4.1;    9;   3.3;   6;    0.000;   0;   8.0;   8.5;  990.70;    4.9;   98.00;    5.6;    4.4;    4.2;eor
       1975;20240212;   10;   8.9;   3.3;    9;   0.1;   6;    0.300;   0;   7.9;   8.9;  999.30;    6.7;   90.00;    8.5;    4.5;    4.3;eor
       1975;20240213;   10;   9.9;   4.7;    9;   4.9;   6;    0.300;   0;   7.0;   7.9; 1012.40;    5.7;   86.00;    7.3;    2.3;    0.0;eor
       1975;20240214;   10;   8.7;   4.3;    9;   5.0;   6;    0.000;   0;   7.6;  10.5; 1012.00;    8.2;   95.00;   11.0;    4.5;    3.3;eor
       1975;20240215;   10;   7.7;   3.7;    9;   2.4;   6;    0.000;   0;   7.9;  13.4; 1012.50;   11.9;   96.00;   12.8;   10.8;    9.7;eor
       1975;20240216;   10;  12.0;   4.8;    9;   1.3;   6;    0.300;   0;   7.5;  11.8; 1010.10;   11.5;   87.00;   14.8;   10.1;    8.3;eor
       1975;20240217;   10;  13.2;   4.9;    9;   0.0;   6;    0.400;   0;   6.8;   7.7; 1026.20;    6.0;   82.00;   10.2;    1.1;   -1.9;eor
       1975;20240218;   10;   9.8;   4.1;    9;  19.2;   6;    0.000;   0;   7.4;   9.2; 1022.30;    6.7;   92.00;    9.4;    2.2;   -0.2;eor
       1975;20240219;   10;  14.6;   5.5;    9;   2.7;   6;    0.200;   0;   7.7;   9.9; 1017.90;    7.8;   93.00;   10.4;    5.7;    5.3;eor
       1975;20240220;   10;  12.9;   5.4;    9;   0.6;   6;    1.200;   0;   7.4;   9.2; 1020.20;    8.0;   85.00;    9.6;    6.5;    5.5;eor
       1975;20240221;   10;  11.3;   5.3;    9;   5.3;   6;    0.000;   0;   7.8;   9.9; 1009.70;    8.7;   88.00;    9.7;    7.5;    6.5;eor
       1975;20240222;   10;  21.9;   5.8;    9;   0.8;   6;    0.300;   0;   7.8;  10.8;  986.80;    9.7;   90.00;   11.7;    7.4;    6.6;eor
       1975;20240223;   10;  23.0;   8.5;    9;   0.7;   6;    1.900;   0;   6.0;   7.0;  988.60;    6.8;   71.00;   10.0;    4.6;    1.2;eor
       1975;20240224;   10;  17.8;   3.9;    9;   1.8;   6;    1.400;   0;   5.0;   7.0;  997.90;    4.9;   81.00;    9.2;    1.6;   -1.8;eor
       1975;20240225;   10;  14.7;   3.9;    9;   3.4;   6;    1.400;   0;   7.2;   7.3; 1001.20;    4.8;   85.00;    8.2;    1.9;    0.1;eor
       1975;20240226;   10;   7.4;   2.4;    9;   0.0;   0;    0.400;   0;   7.9;   7.0; 1007.30;    2.6;   94.00;    6.8;   -2.1;   -3.8;eor
       1975;20240227;   10;   7.0;   2.3;    9;   0.0;   0;    0.000;   0;   8.0;   7.0; 1016.70;    3.8;   87.00;    5.3;    2.8;    2.6;eor
       1975;20240228;   10;   7.2;   3.5;    9;   0.0;   0;    1.400;   0;   7.7;   7.1; 1018.40;    4.7;   82.00;    7.3;    2.1;    0.6;eor
       1975;20240229;   10;  11.7;   5.9;    9;   0.0;   0;    9.200;   0;   6.7;   7.0; 1010.10;    7.3;   69.00;   13.0;    2.0;    0.4;eor
       1975;20240301;   10;   7.9;   4.0;    9;   0.4;   6;    3.500;   0;   5.5;   8.3; 1002.90;    7.3;   80.00;   11.8;    2.5;    0.3;eor
       1975;20240302;   10;   8.6;   3.7;    9;   0.0;   0;    3.800;   0;   7.6;   9.2; 1003.00;    9.4;   79.00;   13.4;    7.2;    3.7;eor
       1975;20240303;   10;  10.1;   4.1;    9;   0.0;   0;    6.700;   0;   4.6;   9.6; 1003.50;    8.6;   87.00;   14.2;    3.2;    1.2;eor
       1975;20240304;   10;   9.9;   3.7;    9;   0.0;   0;    4.300;   0;   5.5;   9.1; 1009.20;    7.4;   89.00;   13.4;    4.3;    2.6;eor
       1975;20240305;   10;  11.7;   5.7;    9;   0.0;   6;    4.400;   0;   7.0;   6.7; 1015.90;    5.0;   77.00;    8.5;    3.7;    3.5;eor
       1975;20240306;   10;   7.7;   3.3;    9;   0.0;   0;    7.400;   0;   3.3;   6.5; 1023.50;    4.3;   79.00;    8.0;    1.3;   -1.6;eor
       1975;20240307;   10;   9.1;   4.1;    9;   0.0;   0;    2.400;   0;   5.2;   6.5; 1025.50;    3.7;   82.00;    7.5;    0.3;   -1.3;eor
       1975;20240308;   10;  12.2;   4.7;    9;   0.0;   0;   10.100;   0;   0.0;   5.6; 1017.70;    3.3;   74.00;    8.7;   -1.7;   -3.4;eor
       1975;20240309;   10;  16.1;   6.0;    9;   0.0;   0;    7.200;   0;   2.5;   6.2; 1007.00;    5.5;   69.00;   10.4;    1.1;   -0.5;eor
       1975;20240310;   10;  12.7;   5.8;    9;   0.0;   0;    6.800;   0;   3.5;   7.7; 1002.10;    6.7;   79.00;   11.6;    2.2;    1.0;eor
       1975;20240311;   10;   9.9;   4.3;    9;   0.0;   6;    0.100;   0;   7.4;   8.6; 1002.60;    6.7;   87.00;    8.6;    4.4;    3.2;eor
       1975;20240312;   10;   6.7;   2.3;    9;   0.0;   6;    0.100;   0;   7.9;   8.9; 1011.00;    7.1;   89.00;   10.6;    2.6;    2.2;eor
       1975;20240313;   10;   8.2;   3.5;    9;   0.5;   6;    4.600;   0;   5.8;   9.8; 1012.60;    7.8;   91.00;   11.3;    2.1;   -1.3;eor
       1975;20240314;   10;  11.7;   4.9;    9;   0.0;   6;    5.000;   0;   7.9;  11.2; 1009.50;   12.3;   79.00;   17.0;    9.0;    6.5;eor
       1975;20240315;   10;  12.2;   4.3;    9;  10.8;   6;    1.000;   0;   7.2;  11.7; 1004.70;   11.7;   85.00;   15.0;    8.3;    4.9;eor
       1975;20240316;   10;  15.6;   6.5;    9;   0.4;   6;    4.600;   0;   5.2;   8.6; 1012.50;    8.2;   78.00;   11.0;    3.9;    1.2;eor
       1975;20240317;   10;   8.2;   2.7;    9;   0.0;   0;    9.700;   0;   6.3;   6.4; 1021.60;    5.6;   72.00;   10.1;    0.4;   -2.5;eor
       1975;20240318;   10;   9.8;   5.5;    9;   0.2;   4;    2.100;   0;   7.9;   5.9; 1017.60;    5.7;   65.00;    9.8;    2.5;    1.8;eor
       1975;20240319;   10;   8.6;   4.9;    9;   0.4;   4;    1.000;   0;   7.8;   7.0; 1017.90;    7.5;   67.00;   11.6;    2.2;    0.8;eor
       1975;20240320;   10;   5.1;   1.6;    9;   3.3;   6;    1.800;   0;   8.0;  10.8; 1017.10;   11.4;   80.00;   15.5;    7.6;    6.3;eor
       1975;20240321;   10;  13.5;   3.9;    9;   0.1;   6;    0.000;   0;   7.7;  10.4; 1017.90;    9.1;   89.00;   11.3;    6.5;    5.4;eor
       1975;20240322;   10;  10.3;   4.7;    9;   0.8;   6;    0.000;   0;   7.8;  10.1; 1011.20;    9.1;   87.00;   10.6;    6.5;    5.2;eor
       1975;20240323;   10;  18.0;   4.1;    9;   0.7;   6;    4.000;   0;   6.3;   7.5; 1002.80;    5.8;   82.00;   10.1;    3.2;    1.6;eor
       1975;20240324;   10;  14.7;   6.3;    9;   1.6;   6;    0.600;   0;   7.1;   7.7;  995.50;    5.7;   83.00;    8.8;    3.0;    1.5;eor
       1975;20240325;   10;  10.3;   3.6;    9;   0.6;   6;    5.400;   0;   6.5;   7.3; 1002.10;    6.1;   79.00;   10.1;    1.5;   -1.9;eor
       1975;20240326;   10;  13.5;   5.0;    9;   0.0;   0;    6.500;   0;   8.0;   6.8;  995.40;    7.3;   68.00;   11.8;    1.1;   -2.7;eor
       1975;20240327;   10;   7.4;   2.8;    9;   0.7;   6;    7.300;   0;   6.5;   8.2;  985.90;   10.4;   67.00;   17.6;    4.5;    1.1;eor
       1975;20240328;   10;  18.0;   4.8;    9;   9.4;   6;    1.800;   0;   7.7;   9.3;  984.80;    8.0;   87.00;   13.1;    5.5;    2.3;eor
       1975;20240329;   10;  10.8;   4.8;    9;   0.0;   6;    0.500;   0;   6.7;   9.2;  994.00;    9.4;   77.00;   13.2;    6.0;    3.7;eor
       1975;20240330;   10;  11.1;   3.5;    9;   0.0;   0;    3.500;   0;   6.8;  11.5;  996.80;   13.6;   75.00;   18.9;    9.0;    6.6;eor
       1975;20240331;   10;   6.2;   2.4;    9;   0.7;   6;    0.700;   0;   7.8;  10.6;  998.00;    9.6;   89.00;   13.3;    7.9;    5.4;eor
       1975;20240401;   10;  14.6;   3.5;    9;  16.1;   6;    0.000;   0;   7.5;  10.8;  993.30;    8.8;   95.00;   10.8;    6.4;    3.4;eor
       1975;20240402;   10;  14.7;   5.5;    9;   5.7;   6;    0.600;   0;   7.8;  10.2; 1000.00;    9.5;   86.00;   13.4;    8.3;    7.1;eor
       1975;20240403;   10;   7.7;   3.3;    9;   6.5;   6;    0.100;   0;   7.7;   9.8; 1003.80;    7.9;   90.00;   10.6;    4.1;    3.8;eor
       1975;20240404;   10;  13.9;   4.8;    9;   7.8;   6;    1.800;   0;   7.3;  11.5; 1002.50;   10.6;   89.00;   12.7;    9.1;    7.6;eor
       1975;20240405;   10;  15.4;   5.1;    9;   5.3;   6;    2.500;   0;   6.8;  12.3; 1006.40;   12.8;   83.00;   15.7;    9.0;    7.8;eor
       1975;20240406;   10;  11.1;   4.4;    9;   0.0;   0;    5.200;   0;   7.4;  13.6; 1009.50;   16.6;   72.00;   22.2;    9.9;    5.9;eor
       1975;20240407;   10;  14.6;   4.3;    9;   4.0;   6;    8.100;   0;   6.0;  11.8; 1010.40;   17.2;   61.00;   20.9;   13.4;    9.9;eor
       1975;20240408;   10;   7.4;   2.6;    9;   0.0;   6;    3.800;   0;   6.7;  14.1; 1008.40;   15.0;   83.00;   19.9;   11.5;    8.9;eor
       1975;20240409;   10;  17.1;   4.2;    9;   2.4;   6;    0.700;   0;   7.8;  12.6; 1006.70;   13.4;   81.00;   18.1;    9.6;    8.0;eor
       1975;20240410;   10;  13.7;   4.9;    9;   0.1;   6;    3.500;   0;   5.6;   9.1; 1022.40;   10.2;   73.00;   14.3;    6.2;    2.2;eor
       1975;20240411;   10;  11.1;   5.3;    9;   1.4;   6;    0.000;   0;   7.6;  11.4; 1027.10;   11.7;   82.00;   13.8;    7.8;    4.2;eor
       1975;20240412;   10;  13.4;   4.6;    9;   0.0;   6;    3.000;   0;   7.7;  13.4; 1025.60;   13.5;   87.00;   19.0;    7.8;    4.1;eor
       1975;20240413;   10;  13.7;   4.4;    9;   0.1;   6;    8.500;   0;   6.3;  13.2; 1018.60;   15.3;   77.00;   20.1;    8.0;    4.6;eor
       1975;20240414;   10;  16.3;   6.6;    9;   0.0;   0;   11.100;   0;   6.0;   8.6; 1015.90;   10.9;   66.00;   15.2;    5.6;    3.0;eor
       1975;20240415;   10;  14.7;   4.8;    9;   4.9;   6;    4.000;   0;   6.1;   8.1; 1002.30;    8.1;   77.00;   13.4;    2.9;   -0.8;eor
       1975;20240416;   10;  11.1;   4.0;    9;   2.6;   6;    1.100;   0;   7.0;   8.2;  998.70;    6.7;   84.00;   10.2;    4.2;    2.8;eor
       1975;20240417;   10;  10.1;   2.3;    9;   1.3;   6;    8.200;   0;   6.0;   7.0; 1007.30;    6.6;   75.00;   12.0;    1.6;   -0.8;eor
       1975;20240418;   10;  12.9;   3.4;    9;   4.4;   6;    8.200;   0;   4.1;   6.8; 1013.40;    6.0;   74.00;   11.6;   -1.0;   -3.2;eor
       1975;20240419;   10;  15.9;   6.2;    9;   5.9;   6;    1.600;   0;   7.3;   8.1; 1002.00;    6.6;   83.00;   10.8;    4.1;    3.1;eor
       1975;20240420;   10;   8.4;   2.7;    9;   1.2;   6;    5.000;   0;   7.1;   6.9; 1014.90;    5.5;   77.00;    9.4;    1.7;    0.1;eor
       1975;20240421;   10;  12.3;   3.2;    9;   0.9;   6;    7.500;   0;   5.8;   6.1; 1023.00;    5.2;   71.00;   10.1;    1.1;   -0.8;eor
       1975;20240422;   10;  10.3;   2.8;    9;   0.0;   6;    6.000;   0;   7.5;   5.5; 1023.20;    3.8;   69.00;    8.1;   -0.9;   -2.7;eor
       1975;20240423;   10;  12.3;   3.7;    9;   0.7;   6;    4.700;   0;   7.0;   5.7; 1015.60;    4.3;   71.00;    8.9;   -2.1;   -4.9;eor
       1975;20240424;   10;   8.2;   3.2;    9;   2.7;   6;    0.500;   0;   7.3;   7.4; 1003.40;    5.0;   85.00;    8.1;    3.5;    2.5;eor
       1975;20240425;   10;  11.5;   2.6;    9;   4.6;   6;    2.400;   0;   7.7;   7.3; 1001.90;    6.2;   79.00;    9.3;    3.0;    1.2;eor
       1975;20240426;   10;  11.7;   4.0;    9;   1.5;   6;    2.500;   0;   6.6;   8.2; 1002.50;    6.8;   84.00;   11.3;    2.7;   -0.5;eor
       1975;20240427;   10;  11.1;   3.7;    9;   1.9;   6;    7.700;   0;   6.5;   9.6; 1007.10;   11.3;   74.00;   18.6;    2.3;   -0.4;eor
       1975;20240428;   10;  13.9;   4.8;    9;   0.0;   6;    6.700;   0;   6.8;  10.1; 1008.70;   15.4;   59.00;   21.0;    8.8;    4.6;eor
       1975;20240429;   10;  10.5;   3.3;    9;   0.0;   6;   10.500;   0;   7.1;   9.5; 1019.30;   14.6;   59.00;   20.4;    6.0;    2.1;eor
       1975;20240430;   10;  10.1;   3.9;    9;   0.0;   0;   11.800;   0;   6.5;  12.4; 1016.20;   16.6;   66.00;   22.7;   10.6;    9.6;eor
       1975;20240501;   10;  14.4;   5.0;    9;   0.0;   0;   13.300;   0;   3.8;  12.5; 1008.20;   17.5;   66.00;   25.9;    9.3;    8.3;eor
       1975;20240502;   10;  15.1;   6.3;    9;   0.0;   0;   13.700;   0;   2.5;  12.5; 1002.20;   18.2;   62.00;   25.6;   10.6;    9.5;eor
       1975;20240503;   10;  10.6;   5.1;    9;   0.0;   0;    8.000;   0;   4.6;  13.1; 1006.80;   16.2;   71.00;   21.9;   11.3;   10.3;eor
       1975;20240504;   10;   6.9;   2.4;    9;   6.0;   6;    6.000;   0;   7.5;  10.7; 1013.00;   14.9;   64.00;   18.6;   10.9;    8.8;eor
       1975;20240505;   10;  12.5;   5.3;    9;   2.0;   6;    1.200;   0;   7.5;  12.2; 1005.00;   12.2;   85.00;   15.4;    9.0;    7.4;eor
       1975;20240506;   10;   7.2;   3.0;    9;   0.0;   0;    8.800;   0;   5.5;  10.7; 1007.90;   12.7;   74.00;   18.0;    6.7;    5.0;eor
       1975;20240507;   10;   8.6;   3.3;    9;   0.0;   0;    6.000;   0;   7.5;  10.6; 1017.80;   12.1;   76.00;   16.7;    7.1;    5.2;eor
       1975;20240508;   10;   9.3;   2.5;    9;   0.0;   0;   13.000;   0;   2.3;   8.1; 1024.80;   12.1;   61.00;   17.9;    5.3;    3.2;eor
       1975;20240509;   10;   7.7;   2.1;    9;   0.0;   0;   12.600;   0;   4.8;  10.3; 1024.70;   13.4;   69.00;   19.4;    4.6;    1.2;eor
       1975;20240510;   10;   8.2;   3.0;    9;   0.0;   0;   13.000;   0;   4.7;  12.2; 1022.30;   14.5;   75.00;   19.3;    9.6;    6.2;eor
       1975;20240511;   10;   8.9;   3.0;    9;   0.0;   0;   10.700;   0;   4.3;  11.1; 1022.60;   14.4;   69.00;   20.0;   10.1;    8.5;eor
       1975;20240512;   10;  12.7;   4.6;    9;   0.0;   0;   10.800;   0;   3.7;  10.7; 1019.80;   15.0;   66.00;   20.7;    9.5;    8.0;eor
       1975;20240513;   10;  12.2;   5.5;    9;   0.0;   0;   14.500;   0;   0.2;   9.5; 1013.30;   18.4;   46.00;   25.2;   11.0;    9.1;eor
       1975;20240514;   10;  13.2;   5.8;    9;   0.0;   0;   14.500;   0;   0.0;   9.6; 1009.90;   19.6;   43.00;   25.3;   12.6;   10.3;eor
       1975;20240515;   10;  15.4;   6.2;    9;   0.0;   0;   14.500;   0;   0.0;   9.3; 1008.70;   20.5;   40.00;   26.3;   13.9;   11.1;eor
       1975;20240516;   10;  18.5;   7.0;    9;   0.0;   0;   12.500;   0;   2.6;   9.8; 1007.00;   21.2;   40.00;   26.5;   15.2;   13.2;eor
       1975;20240517;   10;  13.5;   6.0;    9;   0.0;   0;   11.000;   0;   3.3;  10.5; 1008.10;   20.0;   47.00;   25.8;   12.5;   10.1;eor
       1975;20240518;   10;  10.8;   3.6;    9;   0.8;   6;   10.000;   0;   3.8;  11.8; 1009.20;   17.0;   63.00;   22.9;   10.9;    8.5;eor
       1975;20240519;   10;  10.6;   2.6;    9;   0.0;   6;    6.400;   0;   6.3;  13.4; 1008.20;   15.9;   75.00;   22.5;   10.0;    7.7;eor
       1975;20240520;   10;  11.3;   2.7;    9;   0.3;   6;    5.700;   0;   5.5;  14.8; 1010.20;   16.0;   82.00;   22.7;    9.4;    5.8;eor
       1975;20240521;   10;  11.5;   5.6;    9;   1.1;   6;   11.500;   0;   4.2;  15.1; 1009.50;   17.0;   79.00;   23.4;   12.2;   10.9;eor
       1975;20240522;   10;  10.3;   4.1;    9;  28.4;   6;    0.700;   0;   7.9;  16.0; 1006.30;   15.8;   89.00;   20.2;   14.3;   13.6;eor
       1975;20240523;   10;   9.3;   3.0;    9;   0.0;   0;    7.300;   0;   5.6;  14.6; 1012.10;   16.4;   79.00;   21.8;   10.9;    7.7;eor
       1975;20240524;   10;  11.1;   3.6;    9;   0.1;   6;   11.700;   0;   3.5;  13.9; 1017.50;   17.2;   73.00;   22.8;    9.4;    6.7;eor
       1975;20240525;   10;   5.7;   2.5;    9;   1.6;   6;    3.900;   0;   6.6;  14.9; 1016.00;   16.8;   78.00;   20.9;   13.9;   12.2;eor
       1975;20240526;   10;   9.1;   2.8;    9;   0.9;   6;    5.500;   0;   6.9;  16.4; 1015.00;   18.2;   79.00;   24.1;   13.6;   12.4;eor
       1975;20240527;   10;  11.1;   3.0;    9;  30.5;   6;    8.100;   0;   6.9;  14.5; 1014.30;   17.2;   75.00;   22.6;   14.1;   11.8;eor
       1975;20240528;   10;-999;-999;    9;   4.3;   4;    2.300;   0;  -999;  -999;    -999;   14.2;-999;   17.1;   11.9;    9.9;eor
       1975;20240529;   10;  13.4;   4.3;    9;   6.7;   6;    0.900;   0;   7.0;  14.5; 1007.40;   14.5;   87.00;   18.1;   10.5;    7.3;eor
       1975;20240530;   10;   7.5;   2.3;    9;  13.6;   6;    8.700;   0;   6.0;  13.4; 1004.40;   15.7;   77.00;   20.9;    9.8;    6.9;eor
       1975;20240531;   10;   6.5;   2.3;    9;   1.7;   6;    1.300;   0;   7.6;  17.0; 1006.70;   16.3;   91.00;   19.6;   13.1;   11.3;eor
       1975;20240601;   10;   8.2;   2.8;    9;   0.0;   0;    9.500;   0;   4.4;  16.8; 1012.10;   18.9;   78.00;   24.8;   13.3;   11.8;eor
       1975;20240602;   10;  12.2;   5.6;    9;   0.0;   0;    0.300;   0;   7.6;  14.6; 1016.10;   15.8;   81.00;   17.9;   12.8;   12.0;eor
       1975;20240603;   10;  10.1;   4.4;    9;   1.6;   6;    0.800;   0;   7.9;  12.4; 1015.60;   14.2;   76.00;   17.1;   12.4;   11.4;eor
       1975;20240604;   10;   8.1;   3.0;    9;   2.2;   6;    0.900;   0;   7.0;  15.0; 1010.70;   15.8;   84.00;   18.7;   13.8;   12.3;eor
       1975;20240605;   10;  13.0;   4.6;    9;   0.0;   6;    7.000;   0;   5.5;  11.4; 1008.20;   14.2;   71.00;   17.5;    7.3;    3.1;eor
       1975;20240606;   10;  11.1;   3.7;    9;   0.0;   0;    9.200;   0;   5.5;   9.5; 1014.90;   12.3;   68.00;   18.5;    7.0;    3.1;eor
       1975;20240607;   10;   9.9;   3.0;    9;   0.1;   6;    6.300;   0;   5.1;  10.2; 1015.60;   12.7;   72.00;   17.9;    6.0;    3.2;eor
       1975;20240608;   10;  18.3;   4.0;    9;   1.2;   6;    5.200;   0;   6.8;  11.3; 1008.90;   13.8;   74.00;   20.2;    9.0;    5.4;eor
       1975;20240609;   10;  14.9;   5.4;    9;   0.0;   6;    5.800;   0;   4.5;   9.9; 1005.90;   12.0;   72.00;   16.2;    8.0;    6.4;eor
       1975;20240610;   10;   8.2;   3.2;    9;  11.8;   6;    4.500;   0;   7.4;  11.3; 1003.20;   12.0;   81.00;   16.4;    8.0;    5.4;eor
       1975;20240611;   10;  14.4;   5.0;    9;   2.5;   6;    3.300;   0;   7.6;  11.6; 1007.50;   11.7;   84.00;   15.7;    9.7;    9.1;eor
       1975;20240612;   10;  14.6;   4.1;    9;   3.9;   6;    5.500;   0;   7.4;  10.7; 1013.90;   11.2;   80.00;   14.6;    7.8;    5.9;eor
       1975;20240613;   10;  10.8;   3.6;    9;   0.0;   6;    2.800;   0;   6.7;   9.9; 1014.50;   11.8;   72.00;   14.8;    7.3;    5.8;eor
       1975;20240614;   10;  11.1;   5.2;    9;   0.0;   6;    3.600;   0;   7.8;  11.2; 1007.30;   16.9;   59.00;   21.1;   12.1;   10.8;eor
       1975;20240615;   10;  17.1;   5.7;    9;   3.5;   6;    4.200;   0;   6.3;  12.8; 1001.80;   15.4;   73.00;   18.2;   12.8;    8.6;eor
       1975;20240616;   10;  13.9;   3.9;    9;   3.2;   6;    3.300;   0;   7.4;  12.8; 1005.80;   15.7;   73.00;   20.8;   11.7;    9.7;eor
       1975;20240617;   10;  11.8;   2.8;    9;   0.9;   6;    5.200;   0;   6.6;  14.6; 1009.50;   16.2;   81.00;   22.3;   11.2;    8.0;eor
       1975;20240618;   10;   5.7;   1.4;    9;   8.1;   6;    6.300;   0;   6.4;  14.8; 1012.50;   16.4;   81.00;   21.5;    9.8;    8.0;eor
       1975;20240619;   10;  11.7;   4.2;    9;   0.0;   0;    9.900;   0;   4.6;  12.6; 1015.80;   15.2;   74.00;   19.1;    9.7;    7.5;eor
       1975;20240620;   10;   6.2;   1.9;    9;   0.0;   6;   13.300;   0;   4.2;  11.8; 1019.30;   16.0;   67.00;   22.0;    7.6;    5.3;eor
       1975;20240621;   10;  11.7;   4.0;    9;   1.5;   6;    0.900;   0;   7.8;  18.1; 1010.10;   19.5;   79.00;   24.6;   15.4;   14.9;eor
       1975;20240622;   10;  12.3;   5.4;    9;   0.0;   6;    7.600;   0;   5.1;  15.3; 1008.50;   17.6;   77.00;   21.5;   13.8;   11.5;eor
       1975;20240623;   10;  10.3;   3.9;    9;   0.0;   0;   10.100;   0;   3.7;  13.8; 1016.40;   17.0;   73.00;   21.8;   12.0;    9.6;eor
       1975;20240624;   10;   6.9;   1.9;    9;   0.0;   0;   14.400;   0;   1.5;  14.8; 1018.80;   18.5;   72.00;   24.3;   10.8;    8.5;eor
       1975;20240625;   10;   9.8;   3.3;    9;   0.0;   0;   15.200;   0;   0.4;  16.5; 1016.20;   21.2;   68.00;   27.6;   13.9;   12.4;eor
       1975;20240626;   10;  10.5;   3.5;    9;   0.0;   0;   14.600;   0;   0.7;  18.4; 1011.40;   23.2;   66.00;   29.2;   16.0;   14.2;eor
       1975;20240627;   10;  22.6;   3.3;    9;  33.3;   6;    8.800;   0;   4.9;  20.7; 1006.70;   23.2;   75.00;   32.0;   18.1;   16.8;eor
       1975;20240628;   10;  13.2;   4.4;    9;   0.0;   0;    9.000;   0;   5.5;  17.1; 1010.90;   19.5;   76.00;   23.4;   13.0;   11.5;eor
       1975;20240629;   10;   9.4;   2.6;    9;   8.1;   6;   13.700;   0;   4.5;  14.5; 1013.20;   19.6;   66.00;   26.1;   12.5;   10.0;eor
       1975;20240630;   10;   8.9;   3.5;    9;   3.2;   6;    0.100;   0;   7.9;  18.0; 1004.60;   17.2;   92.00;   20.0;   12.9;   11.6;eor
       1975;20240701;   10;  12.3;   2.8;    9;  22.4;   6;    2.900;   0;   7.3;  14.3; 1009.80;   14.7;   85.00;   18.3;   11.7;   10.0;eor
       1975;20240702;   10;  12.0;   4.3;    9;   1.4;   6;    0.400;   0;   7.8;  13.9; 1008.50;   14.3;   85.00;   17.4;   12.9;   12.3;eor
       1975;20240703;   10;  12.2;   3.9;    9;   1.4;   6;    1.600;   0;   7.7;  12.2; 1006.00;   13.9;   78.00;   17.5;   11.7;   10.4;eor
       1975;20240704;   10;  17.0;   5.6;    9;   3.8;   6;    6.800;   0;   5.2;  12.1; 1002.80;   13.9;   77.00;   18.3;   10.1;    7.5;eor
       1975;20240705;   10;  15.6;   5.8;    9;   2.2;   6;    9.500;   0;   4.1;  12.8; 1005.70;   15.0;   75.00;   19.2;    9.5;    6.7;eor
       1975;20240706;   10;  25.4;   6.5;    9;   1.2;   6;    7.500;   0;   7.7;  14.9;  999.80;   19.0;   68.00;   25.6;   13.4;   11.6;eor
       1975;20240707;   10;  12.5;   5.5;    9;   0.3;   6;   11.000;   0;   4.8;  11.9; 1009.80;   16.1;   67.00;   20.8;   11.7;    9.9;eor
       1975;20240708;   10;   9.8;   3.5;    9;   0.0;   6;    9.800;   0;   6.2;  13.3; 1015.80;   17.9;   66.00;   22.3;   13.1;   10.3;eor
       1975;20240709;   10;   9.9;   4.2;    9;   0.0;   0;    8.800;   0;   6.8;  15.9; 1014.80;   23.1;   57.00;   29.3;   16.2;   15.7;eor
       1975;20240710;   10;  11.5;   2.8;    9;   3.5;   6;    3.900;   0;   7.3;  19.2; 1012.20;   21.7;   75.00;   25.6;   18.0;   17.6;eor
       1975;20240711;   10;  10.8;   3.1;    9;   0.0;   0;   10.600;   0;   5.8;  16.3; 1014.30;   19.6;   73.00;   24.1;   13.9;   12.2;eor
       1975;20240712;   10;  13.2;   4.0;    9;   0.2;   6;    6.200;   0;   6.3;  17.1; 1009.40;   18.2;   82.00;   23.3;   12.7;   11.0;eor
       1975;20240713;   10;  13.5;   6.1;    9;   0.9;   6;    2.100;   0;   7.3;  14.6; 1007.80;   15.8;   81.00;   19.2;   12.9;   11.0;eor
       1975;20240714;   10;  13.2;   4.2;    9;   0.0;   6;    9.900;   0;   4.4;  13.6; 1010.30;   16.7;   73.00;   21.8;   12.1;    9.8;eor
       1975;20240715;   10;  11.0;   3.3;    9;   1.4;   6;   13.900;   0;   3.7;  13.9; 1010.60;   19.1;   65.00;   25.2;   12.1;    8.1;eor
       1975;20240716;   10;  17.7;   3.9;    9;   9.5;   6;    3.900;   0;   7.5;  17.3; 1008.20;   19.2;   79.00;   25.0;   14.2;   13.2;eor
       1975;20240717;   10;  11.3;   4.8;    9;   6.3;   6;    2.700;   0;   6.8;  16.7; 1015.70;   16.7;   88.00;   20.1;   12.4;   10.2;eor
       1975;20240718;   10;   5.1;   1.5;    9;   0.0;   0;    9.600;   0;   3.6;  16.2; 1021.50;   17.8;   81.00;   24.3;   10.7;    8.8;eor
       1975;20240719;   10;   5.7;   1.7;    9;   0.0;   0;   12.500;   0;   3.5;  16.7; 1018.80;   21.0;   70.00;   27.3;   12.8;   11.6;eor
       1975;20240720;   10;   9.3;   3.1;    9;   0.0;   0;   14.500;   0;   1.9;  16.7; 1010.60;   22.6;   63.00;   29.6;   14.8;   13.1;eor
       1975;20240721;   10;   9.3;   3.0;    9;   4.6;   6;    6.900;   0;   5.3;  20.1; 1005.80;   23.2;   72.00;   31.1;   18.9;   17.3;eor
       1975;20240722;   10;  14.4;   4.3;    9;   0.4;   6;    6.200;   0;   5.7;  16.8; 1012.20;   18.2;   81.00;   20.9;   13.6;   11.8;eor
       1975;20240723;   10;  10.6;   3.4;    9;   1.1;   6;    2.400;   0;   7.3;  17.9; 1013.30;   18.9;   82.00;   22.8;   15.6;   13.1;eor
       1975;20240724;   10;  11.3;   4.6;    9;   0.0;   0;   11.800;   0;   3.9;  14.4; 1015.70;   17.0;   75.00;   20.7;   12.2;    9.1;eor
       1975;20240725;   10;   8.7;   2.0;    9;   0.8;   6;   11.100;   0;   5.0;  13.0; 1013.00;   17.7;   67.00;   23.5;    9.8;    7.4;eor
       1975;20240726;   10;   8.9;   3.3;    9;  13.0;   6;    0.100;   0;   7.9;  18.4; 1008.70;   17.8;   90.00;   21.9;   13.6;   11.8;eor
       1975;20240727;   10;   5.8;   1.4;    9;  23.9;   6;    7.600;   0;   6.0;  15.9; 1012.50;   18.3;   78.00;   23.7;   11.7;   10.7;eor
       1975;20240728;   10;  13.0;   4.3;    9;   0.0;   0;   12.100;   0;   2.7;  15.2; 1020.00;   17.7;   77.00;   22.1;   13.6;   11.2;eor
       1975;20240729;   10;   7.7;   1.9;    9;   0.0;   0;   14.300;   0;   1.2;  14.5; 1022.60;   17.5;   75.00;   23.5;   10.8;    7.8;eor
       1975;20240730;   10;   6.7;   2.4;    9;   0.0;   0;   12.600;   0;   2.9;  15.5; 1016.20;   21.0;   65.00;   27.9;   13.1;   10.7;eor
       1975;20240731;   10;   7.2;   2.4;    9;   0.0;   0;   14.000;   0;   3.6;  15.4; 1013.50;   20.2;   68.00;   26.7;   12.6;   11.2;eor
       1975;20240801;   10;   7.2;   2.4;    9;   0.0;   6;   12.200;   0;   2.8;  15.4; 1011.50;   18.6;   73.00;   23.8;   11.5;   10.3;eor
       1975;20240802;   10;   7.2;   2.2;    9;   0.0;   6;    2.100;   0;   8.0;  16.1; 1010.80;   17.5;   81.00;   21.5;   14.9;   14.3;eor
       1975;20240803;   10;  14.4;   1.9;    9;   4.9;   6;    8.300;   0;   6.4;  17.3; 1009.20;   19.1;   81.00;   25.8;   13.8;   11.6;eor
       1975;20240804;   10;  12.9;   4.0;    9;   0.0;   6;    4.900;   0;   6.1;  16.6; 1010.10;   17.5;   83.00;   20.5;   12.4;   10.0;eor
       1975;20240805;   10;   7.5;   1.9;    9;   0.0;   0;    7.100;   0;   6.4;  14.7; 1013.20;   18.1;   73.00;   23.7;   12.1;   10.0;eor
       1975;20240806;   10;   8.2;   3.0;    9;   0.0;   0;   13.100;   0;   2.3;  16.0; 1010.70;   21.7;   63.00;   27.7;   13.8;   11.7;eor
       1975;20240807;   10;  11.0;   3.1;    9;   4.7;   6;    4.600;   0;   6.2;  18.2; 1008.90;   20.9;   75.00;   27.6;   16.0;   14.5;eor
       1975;20240808;   10;   8.7;   2.8;    9;   0.9;   6;    6.500;   0;   6.1;  15.8; 1013.20;   17.9;   79.00;   23.5;   12.3;   10.4;eor
       1975;20240809;   10;  13.5;   5.3;    9;   2.2;   6;    2.100;   0;   6.3;  17.3; 1010.70;   18.4;   81.00;   22.3;   13.4;   10.9;eor
       1975;20240810;   10;  12.0;   4.0;    9;   0.0;   6;    8.000;   0;   5.2;  15.4; 1016.20;   18.4;   74.00;   24.1;   12.4;    9.2;eor
       1975;20240811;   10;  11.7;   3.5;    9;   0.0;   0;   12.500;   0;   4.1;  15.0; 1019.50;   18.1;   74.00;   23.4;   11.4;    7.7;eor
       1975;20240812;   10;   7.9;   2.5;    9;   0.0;   0;   13.900;   0;   0.0;  14.0; 1014.60;   18.4;   69.00;   26.2;    8.5;    6.3;eor
       1975;20240813;   10;   9.9;   4.8;    9;   7.2;   6;   13.300;   0;   2.4;  16.5; 1009.70;   24.2;   56.00;   31.3;   16.4;   15.2;eor
       1975;20240814;   10;  14.1;   2.4;    9;  22.8;   6;    0.400;   0;   7.8;  20.8; 1010.10;   19.7;   91.00;   23.6;   16.6;   15.8;eor
       1975;20240815;   10;   7.7;   2.5;    9;   0.0;   6;    2.100;   0;   7.2;  21.2; 1012.70;   20.5;   88.00;   24.7;   17.1;   15.6;eor
       1975;20240816;   10;  11.3;   3.6;    9;   1.9;   6;    2.600;   0;   6.8;  20.3; 1011.90;   19.8;   88.00;   22.3;   16.8;   15.0;eor
       1975;20240817;   10;   4.1;   1.2;    9;   0.0;   6;    0.700;   0;   7.6;  16.7; 1011.50;   17.7;   83.00;   20.8;   13.9;   11.7;eor
       1975;20240818;   10;   6.7;   1.5;    9;   0.1;   6;    0.400;   0;   7.8;  15.3; 1010.40;   16.7;   82.00;   20.8;   11.6;    9.6;eor
       1975;20240819;   10;   6.5;   1.8;    9;   0.0;   0;    6.900;   0;   4.7;  14.5; 1015.70;   17.1;   76.00;   21.9;   12.4;   10.3;eor
       1975;20240820;   10;  10.3;   3.4;    9;  12.4;   6;   11.400;   0;   3.3;  15.8; 1010.40;   19.0;   74.00;   25.6;   12.6;    9.9;eor
       1975;20240821;   10;  16.6;   4.7;    9;   2.2;   6;    8.500;   0;   5.3;  14.8; 1010.00;   16.7;   77.00;   19.3;   13.7;   12.2;eor
       1975;20240822;   10;  12.3;   5.0;    9;   0.1;   6;    2.900;   0;   7.9;  13.7; 1008.40;   17.6;   69.00;   21.1;   13.0;   12.0;eor
       1975;20240823;   10;  17.3;   6.3;    9;   0.2;   6;    5.100;   0;   7.6;  15.8; 1004.30;   20.0;   67.00;   25.1;   13.8;   11.1;eor
       1975;20240824;   10;  18.3;   5.1;    9;   5.4;   6;    8.000;   0;   4.6;  19.1; 1006.00;   21.9;   74.00;   28.7;   14.3;   12.7;eor
       1975;20240825;   10;  13.7;   4.9;    9;   0.0;   0;    8.800;   0;   4.3;  14.1; 1014.30;   17.1;   73.00;   20.6;   12.4;    9.2;eor
       1975;20240826;   10;  13.4;   3.8;    9;   0.0;   0;   11.700;   0;   0.7;  12.8; 1020.00;   16.6;   70.00;   22.0;   11.5;    8.4;eor
       1975;20240827;   10;   8.7;   2.7;    9;   0.0;   0;   12.300;   0;   3.0;  13.8; 1021.20;   18.5;   68.00;   25.0;   11.5;    8.6;eor
       1975;20240828;   10;   8.6;   2.9;    9;   0.0;   0;   12.900;   0;   0.0;  16.1; 1016.60;   21.4;   64.00;   28.5;   13.1;    9.5;eor
       1975;20240829;   10;  10.3;   3.2;    9;   1.5;   6;   11.400;   0;   2.9;  19.7; 1013.80;   23.7;   70.00;   31.0;   17.5;   14.4;eor
       1975;20240830;   10;   4.6;   2.0;    9;   1.1;   6;    1.200;   0;   7.1;  16.0; 1020.60;   16.6;   85.00;   19.7;    9.8;    7.7;eor
       1975;20240831;   10;   7.5;   2.9;    9;   0.0;   0;   11.500;   0;   1.5;  12.4; 1024.40;   15.3;   74.00;   21.9;    7.6;    5.2;eor
       1975;20240901;   10;   8.7;   3.8;    9;   0.0;   0;   12.200;   0;   4.5;  13.7; 1019.70;   17.2;   72.00;   23.8;   10.6;    8.5;eor
       1975;20240902;   10;  11.7;   3.5;    9;   0.0;   0;   11.500;   0;   4.5;  13.4; 1013.60;   19.1;   64.00;   25.0;   11.6;    9.2;eor
       1975;20240903;   10;   6.2;   2.4;    9;   4.5;   6;   10.700;   0;   6.3;  18.9; 1012.40;   22.0;   71.00;   29.0;   15.6;   13.1;eor
       1975;20240904;   10;  12.2;   2.7;    9;  21.9;   6;    7.100;   0;   7.1;  22.7; 1013.00;   22.2;   86.00;   28.3;   18.5;   17.1;eor
       1975;20240905;   10;  14.6;   5.4;    9;   0.0;   0;   12.100;   0;   1.9;  17.5; 1013.30;   23.4;   64.00;   31.0;   17.7;   16.7;eor
       1975;20240906;   10;  14.4;   5.1;    9;   0.0;   0;    9.900;   0;   5.2;  15.1; 1013.20;   22.8;   57.00;   29.3;   18.1;   16.9;eor
       1975;20240907;   10;   7.0;   2.2;    9;   0.0;   0;    7.700;   0;   5.9;  17.1; 1011.20;   22.2;   66.00;   29.8;   16.4;   14.2;eor
       1975;20240908;   10;  12.2;   2.5;    9;  24.9;   6;    9.100;   0;   5.1;  19.3; 1006.30;   21.8;   75.00;   28.0;   16.4;   13.9;eor
       1975;20240909;   10;  11.1;   3.0;    9;   2.2;   6;    0.800;   0;   7.6;  17.6; 1000.80;   17.3;   89.00;   20.4;   15.0;   14.3;eor
       1975;20240910;   10;  14.9;   6.5;    9;  18.7;   6;    1.300;   0;   7.6;  13.4; 1003.50;   15.0;   79.00;   18.1;   12.7;   11.3;eor
       1975;20240911;   10;  17.5;   3.6;    9;   5.9;   6;    4.700;   0;   4.6;  11.4; 1000.70;   10.8;   88.00;   14.0;    6.8;    4.3;eor
       1975;20240912;   10;   8.4;   3.1;    9;   0.0;   6;    9.600;   0;   1.8;  10.0; 1009.90;   10.0;   83.00;   15.6;    5.1;    2.6;eor
       1975;20240913;   10;  11.1;   3.2;    9;   0.0;   6;    7.400;   0;   5.5;  10.0; 1019.70;   10.5;   80.00;   16.5;    5.0;    2.9;eor
       1975;20240914;   10;  13.0;   3.9;    9;   0.0;   0;   10.900;   0;   3.1;   9.5; 1025.90;   10.6;   76.00;   16.7;    5.4;    3.1;eor
       1975;20240915;   10;   7.7;   2.5;    9;   0.0;   0;    9.000;   0;   4.8;  11.1; 1023.90;   11.4;   83.00;   18.6;    3.9;    1.7;eor
       1975;20240916;   10;   7.2;   2.4;    9;   0.0;   0;    1.600;   0;   7.0;  13.9; 1022.80;   14.6;   84.00;   18.5;    9.0;    7.3;eor
       1975;20240917;   10;   9.6;   2.8;    9;   0.0;   0;    4.400;   0;   6.5;  14.6; 1027.90;   15.5;   83.00;   20.6;   10.3;    8.8;eor
       1975;20240918;   10;   8.2;   3.9;    9;   0.0;   0;    8.300;   0;   5.5;  16.3; 1029.10;   16.6;   87.00;   21.3;   14.5;   14.3;eor
       1975;20240919;   10;   9.3;   4.4;    9;   0.0;   0;    5.000;   0;   4.5;  16.7; 1026.60;   16.6;   88.00;   20.5;   14.4;   13.2;eor
       1975;20240920;   10;  10.8;   4.6;    9;   0.0;   0;   10.500;   0;   1.1;  13.6; 1024.80;   17.4;   72.00;   23.6;   11.9;    7.8;eor
       1975;20240921;   10;   8.6;   3.3;    9;   0.0;   0;   11.100;   0;   0.3;  11.9; 1021.30;   16.0;   68.00;   23.2;    9.7;    6.7;eor
       1975;20240922;   10;   8.1;   2.0;    9;   0.0;   0;   11.000;   0;   0.5;  12.4; 1014.80;   16.2;   70.00;   23.8;    9.2;    6.8;eor
       1975;20240923;   10;   7.0;   1.9;    9;   0.4;   6;    5.800;   0;   6.7;  15.0; 1007.00;   16.4;   82.00;   22.7;    9.4;    6.5;eor
       1975;20240924;   10;   8.9;   2.9;    9;   0.0;   6;    0.000;   0;   7.8;  15.5; 1000.80;   16.0;   85.00;   17.6;   13.6;   11.6;eor
       1975;20240925;   10;  11.8;   4.6;    9;   8.0;   6;    0.500;   0;   7.2;  14.1; 1000.30;   13.7;   90.00;   16.0;   11.0;    8.1;eor
       1975;20240926;   10;  15.3;   6.1;    9;  10.1;   6;    3.000;   0;   6.8;  15.5;  989.20;   15.5;   88.00;   19.1;   12.7;   11.9;eor
       1975;20240927;   10;  20.4;   8.4;    9;   3.4;   6;    4.800;   0;   6.5;  12.1;  991.20;   13.6;   79.00;   17.2;   11.0;    9.9;eor
       1975;20240928;   10;  17.8;   3.8;    9;   6.2;   6;    5.600;   0;   4.4;  10.0; 1012.10;    9.6;   84.00;   12.7;    5.4;    3.6;eor
       1975;20240929;   10;   6.7;   2.8;    9;   0.0;   0;    8.000;   0;   5.3;   9.7; 1024.70;   10.2;   79.00;   16.0;    5.9;    3.8;eor
       1975;20240930;   10;  17.5;   7.0;    9;  15.3;   6;    9.100;   0;   6.4;   8.7; 1016.60;   11.2;   66.00;   15.0;    7.5;    6.2;eor
       1975;20241001;   10;  12.9;   5.5;    9;   6.0;   6;    0.000;   0;   7.8;  11.1; 1007.70;    9.3;   95.00;   10.4;    8.1;    7.8;eor
       1975;20241002;   10;  11.3;   4.4;    9;   0.0;   6;    2.800;   0;   6.9;   9.9; 1011.60;   10.2;   80.00;   13.6;    7.6;    5.2;eor
       1975;20241003;   10;   8.4;   3.2;    9;   0.0;   0;    5.400;   0;   4.6;   9.4; 1017.50;    9.2;   81.00;   14.3;    3.3;    0.7;eor
       1975;20241004;   10;   9.4;   2.1;    9;   0.0;   0;    9.500;   0;   0.4;   8.7; 1020.10;    8.0;   83.00;   15.1;    1.5;   -0.6;eor
       1975;20241005;   10;   5.7;   1.4;    9;   0.0;   0;    9.600;   0;   0.8;   8.5; 1018.70;    7.7;   82.00;   15.0;    0.4;   -1.4;eor
       1975;20241006;   10;   9.6;   3.6;    9;   0.0;   0;    9.100;   0;   1.6;   9.0; 1010.50;    8.6;   82.00;   14.0;    2.9;    0.8;eor
       1975;20241007;   10;   9.3;   3.7;    9;   0.5;   6;    3.500;   0;   6.2;  11.8; 1002.00;   10.7;   91.00;   18.1;    6.8;    5.5;eor
       1975;20241008;   10;  11.0;   3.5;    9;   0.2;   6;    2.200;   0;   7.5;  15.1;  998.30;   14.8;   90.00;   20.0;    9.9;    7.2;eor
       1975;20241009;   10;   8.9;   4.0;    9;  29.0;   6;    1.100;   0;   7.5;  14.7;  990.60;   13.9;   93.00;   16.7;   10.8;    8.3;eor
       1975;20241010;   10;  14.7;   4.8;    9;   1.9;   6;    0.300;   0;   7.0;  12.5;  990.70;   11.9;   88.00;   14.5;    7.4;    5.7;eor
       1975;20241011;   10;  13.0;   3.4;    9;   0.1;   6;    5.300;   0;   3.8;   9.3; 1011.60;    8.2;   85.00;   12.0;    4.5;    0.8;eor
       1975;20241012;   10;  12.5;   4.7;    9;   9.2;   6;    6.300;   0;   5.2;   8.6; 1011.70;    8.2;   80.00;   12.9;    2.8;   -0.2;eor
       1975;20241013;   10;  18.7;   5.9;    9;   3.8;   6;    3.100;   0;   6.4;   9.9; 1005.00;    9.2;   85.00;   12.3;    6.4;    5.4;eor
       1975;20241014;   10;   7.2;   2.7;    9;   0.0;   6;    0.600;   0;   7.7;   9.5; 1016.20;    8.8;   84.00;   11.1;    6.3;    4.3;eor
       1975;20241015;   10;   7.7;   2.1;    9;   0.0;   0;    9.200;   0;   3.3;   8.1; 1022.20;    7.9;   77.00;   13.0;    1.8;   -0.8;eor
       1975;20241016;   10;  15.4;   7.0;    9;   0.0;   0;    9.200;   0;   6.0;   8.8; 1017.00;   10.0;   72.00;   14.7;    6.1;    4.3;eor
       1975;20241017;   10;  10.8;   4.8;    9;   0.0;   6;    3.500;   0;   7.0;  11.8; 1012.30;   12.7;   80.00;   16.0;    9.0;    7.6;eor
       1975;20241018;   10;   5.7;   2.2;    9;   0.0;   6;    5.600;   0;   6.2;  14.1; 1013.80;   13.9;   89.00;   18.5;   11.1;    8.9;eor
       1975;20241019;   10;   8.7;   2.9;    9;   0.2;   6;    0.000;   0;   7.7;  14.1; 1013.60;   12.8;   95.00;   15.5;    9.2;    7.3;eor
       1975;20241020;   10;  11.8;   4.3;    9;   0.4;   6;    4.200;   0;   5.9;  13.6; 1016.90;   14.0;   86.00;   17.5;    9.2;    5.8;eor
       1975;20241021;   10;  11.1;   4.2;    9;   6.3;   6;    0.700;   0;   7.3;  14.3; 1019.40;   14.5;   86.00;   16.1;   11.5;    7.9;eor
       1975;20241022;   10;  10.1;   3.6;    9;   0.0;   0;    8.100;   0;   3.7;  11.9; 1023.70;   11.6;   87.00;   15.3;    8.1;    5.2;eor
       1975;20241023;   10;   5.1;   1.7;    9;   0.1;   4;    3.200;   0;   4.6;  10.9; 1032.20;    8.9;   95.00;   13.2;    4.3;    1.9;eor
       1975;20241024;   10;   9.8;   3.0;    9;   0.0;   4;    8.100;   0;   3.3;  10.3; 1026.80;    9.7;   87.00;   14.5;    5.8;    5.6;eor
       1975;20241025;   10;   6.7;   2.3;    9;   0.0;   4;    8.700;   0;   2.7;  12.4; 1018.00;   11.9;   89.00;   17.5;    6.9;    4.7;eor
       1975;20241026;   10;   7.2;   2.4;    9;   0.0;   0;    5.600;   0;   3.8;  13.1; 1017.30;   11.6;   95.00;   17.3;    6.6;    4.2;eor
       1975;20241027;   10;   9.3;   2.8;    9;   0.4;   6;    2.800;   0;   5.8;  12.7; 1016.90;   11.6;   93.00;   14.8;    6.2;    3.3;eor
       1975;20241028;   10;   9.3;   3.7;    9;   4.3;   6;    1.300;   0;   7.9;  12.6; 1019.80;   10.8;   97.00;   13.3;    5.5;    3.7;eor
       1975;20241029;   10;   6.2;   3.3;    9;   0.5;   6;    0.000;   0;   7.9;  14.9; 1020.90;   13.3;   98.00;   14.4;   12.6;   12.2;eor
       1975;20241030;   10;   8.2;   3.2;    9;   0.2;   6;    0.600;   0;   7.4;  13.6; 1024.00;   12.6;   93.00;   13.7;    9.3;    6.8;eor
       1975;20241031;   10;  11.5;   4.4;    9;   0.0;   6;    0.000;   0;   8.0;  12.1; 1023.10;   11.7;   88.00;   12.8;    9.5;    8.5;eor
       1975;20241101;   10;  12.5;   5.1;    9;   0.8;   6;    0.000;   0;   7.9;  12.8; 1019.00;   12.3;   90.00;   13.0;    8.6;    6.6;eor
       1975;20241102;   10;   9.1;   2.0;    9;   0.0;   0;    7.500;   0;   4.8;   7.0; 1029.70;    6.1;   76.00;   10.2;    0.3;   -1.5;eor
       1975;20241103;   10;   7.0;   1.9;    9;   0.0;   6;    5.300;   0;   5.3;   8.2; 1028.90;    5.7;   88.00;   10.9;   -1.2;   -3.2;eor
       1975;20241104;   10;   7.7;   2.3;    9;   0.0;   6;    0.000;   0;   8.0;  11.0; 1028.30;    9.5;   93.00;   10.4;    8.4;    8.2;eor
       1975;20241105;   10;   8.2;   3.7;    9;   0.0;   0;    0.000;   0;   8.0;   9.5; 1024.90;    7.4;   92.00;    8.5;    6.6;    6.6;eor
       1975;20241106;   10;   4.1;   1.4;    9;   0.0;   6;    0.000;   0;   8.0;   9.1; 1029.10;    6.1;   96.00;    7.0;    4.9;    4.8;eor
       1975;20241107;   10;   5.7;   1.9;    9;   0.0;   6;    0.000;   0;   7.9;   8.2; 1033.20;    5.3;   92.00;    6.1;    4.5;    4.4;eor
       1975;20241108;   10;  12.2;   4.4;    9;   0.0;   6;    0.000;   0;   8.0;   7.9; 1030.40;    5.9;   85.00;    6.4;    5.3;    4.9;eor
       1975;20241109;   10;   7.9;   3.6;    9;   0.0;   6;    0.000;   0;   7.9;   8.0; 1026.60;    5.2;   90.00;    5.5;    4.7;    4.5;eor
       1975;20241110;   10;   5.1;   2.6;    9;   0.0;   6;    0.000;   0;   8.0;   8.6; 1026.30;    5.5;   95.00;    6.6;    4.2;    4.2;eor
       1975;20241111;   10;   7.2;   3.2;    9;   5.8;   6;    0.000;   0;   7.8;  10.4; 1024.00;    7.9;   97.00;    8.9;    6.5;    6.3;eor
       1975;20241112;   10;   3.6;   1.6;    9;   0.0;   6;    0.000;   0;   7.9;   9.9; 1031.40;    7.4;   96.00;    9.2;    5.7;    4.6;eor
       1975;20241113;   10;   6.2;   1.9;    9;   4.4;   6;    0.000;   0;   7.8;  10.2; 1027.10;    7.3;   99.00;   10.5;    4.5;    3.0;eor
       1975;20241114;   10;  11.1;   3.8;    9;   0.0;   6;    0.000;   0;   8.0;   9.8; 1021.50;    8.6;   88.00;   10.5;    3.7;    1.0;eor
       1975;20241115;   10;   9.8;   4.0;    9;   0.1;   6;    0.000;   0;   7.8;  10.2; 1021.70;    9.2;   87.00;   10.5;    7.5;    5.6;eor
       1975;20241116;   10;  12.7;   6.3;    9;   2.4;   6;    0.000;   0;   7.8;   9.2; 1012.10;    7.9;   87.00;    8.8;    7.2;    6.8;eor
       1975;20241117;   10;  15.8;   5.3;    9;  17.9;   6;    0.500;   0;   7.5;   8.5; 1002.40;    5.9;   91.00;    8.0;    3.1;    2.4;eor
       1975;20241118;   10;  14.1;   4.8;    9;   8.0;   6;    0.700;   0;   6.3;   7.1; 1002.90;    3.1;   93.00;    4.7;    0.4;   -1.2;eor
       1975;20241119;   10;   8.2;   3.3;    9;   3.3;   8;    0.000;   0;   7.1;   6.8;  992.60;    2.1;   95.00;    2.7;    1.3;    0.1;eor
       1975;20241120;   10;   8.1;   3.2;    9;   1.7;   8;    0.000;   0;   7.3;   6.4;  993.20;    1.4;   95.00;    2.9;   -0.5;   -1.8;eor
       1975;20241121;   10;  12.7;   4.4;    9;   1.6;   8;    0.000;   0;   6.9;   6.3;  991.60;    1.1;   95.00;    2.7;   -2.3;   -4.1;eor
       1975;20241122;   10;  13.4;   4.6;    9;  18.9;   8;    0.500;   0;   6.6;   6.0;  995.40;    1.2;   91.00;    4.7;   -1.7;   -4.5;eor
       1975;20241123;   10;  15.6;   4.9;    9;  16.9;   8;    2.900;   4;   6.8;   6.4; 1010.90;    2.2;   90.00;    4.4;    0.1;   -0.9;eor
       1975;20241124;   10;  13.9;   6.9;    9;   2.1;   6;    0.500;   0;   7.5;  10.4; 1003.50;   11.0;   80.00;   15.8;    4.0;    3.5;eor
       1975;20241125;   10;  16.8;   7.4;    9;   5.3;   6;    0.100;   0;   8.0;  10.8; 1001.80;   14.4;   68.00;   17.8;    8.4;    7.2;eor
       1975;20241126;   10;  14.6;   4.7;    9;   9.4;   6;    5.200;   0;   4.7;   9.1; 1012.60;    7.1;   90.00;   10.2;    3.1;    0.9;eor
       1975;20241127;   10;  15.9;   5.2;    9;  26.1;   6;    0.000;   0;   6.0;   8.8; 1011.70;    5.7;   96.00;    9.8;    2.1;    0.0;eor
       1975;20241128;   10;  15.8;   7.1;    9;   0.3;   6;    0.000;   0;   7.6;   8.2; 1013.30;    5.8;   89.00;    6.8;    4.7;    4.3;eor
       1975;20241129;   10;   6.2;   2.4;    9;   0.0;   0;    6.800;   0;   4.0;   6.8; 1030.90;    3.7;   85.00;    6.5;    0.5;   -2.3;eor
       1975;20241130;   10;   8.1;   3.5;    9;   0.0;   0;    6.800;   0;   3.6;   5.7; 1027.60;    1.5;   84.00;    5.3;   -1.0;   -3.1;eor
       1975;20241201;   10;   6.2;   3.1;    9;   0.0;   6;    6.400;   0;   2.9;   5.5; 1019.70;    1.3;   83.00;    4.9;   -1.5;   -3.6;eor
       1975;20241202;   10;   9.6;   4.6;    9;   2.8;   6;    0.000;   0;   7.9;   9.5; 1009.90;    7.1;   93.00;    8.8;    1.7;    1.0;eor
       1975;20241203;   10;  10.3;   3.3;    9;   1.2;   6;    0.200;   0;   7.4;   8.9; 1011.60;    6.3;   93.00;    8.5;    4.2;    3.5;eor
       1975;20241204;   10;   6.5;   2.4;    9;   0.2;   6;    0.000;   0;   7.9;   8.1; 1020.40;    4.7;   94.00;    5.5;    4.0;    3.5;eor
       1975;20241205;   10;  12.3;   5.7;    9;  13.2;   6;    0.000;   0;   7.4;   7.1; 1014.60;    3.2;   92.00;    4.3;    1.1;   -1.0;eor
       1975;20241206;   10;  12.3;   4.2;    9;   1.1;   6;    0.100;   0;   7.5;   8.9;  999.40;    5.8;   96.00;    8.5;    3.4;    3.2;eor
       1975;20241207;   10;  12.5;   4.8;    9;   3.7;   6;    0.000;   0;   7.7;   8.3;  999.70;    5.0;   94.00;    6.0;    3.9;    1.7;eor
       1975;20241208;   10;  10.3;   3.6;    9;   1.9;   6;    0.000;   0;   7.7;   8.3; 1010.90;    5.3;   93.00;    5.9;    4.5;    3.8;eor
       1975;20241209;   10;  14.9;   6.6;    9;   5.2;   6;    0.000;   0;   7.7;   8.0; 1026.10;    5.6;   88.00;    6.1;    4.9;    4.4;eor
       1975;20241210;   10;  11.8;   4.8;    9;   0.0;   0;    0.000;   0;   8.0;   7.2; 1030.70;    5.1;   82.00;    5.6;    4.3;    4.1;eor
       1975;20241211;   10;   6.0;   2.2;    9;   0.0;   6;    0.000;   0;   8.0;   6.5; 1029.40;    2.6;   88.00;    4.4;    1.3;    1.8;eor
       1975;20241212;   10;   5.4;   2.1;    9;   0.0;   6;    0.000;   0;   8.0;   7.0; 1030.00;    2.7;   94.00;    3.3;    1.4;    1.2;eor
       1975;20241213;   10;   9.6;   4.4;    9;   0.0;   6;    0.000;   0;   8.0;   5.6; 1027.60;    0.7;   87.00;    1.8;   -0.6;   -0.5;eor
       1975;20241214;   10;   9.4;   4.1;    9;   2.8;   8;    0.000;   0;   7.5;   6.7; 1013.60;    1.9;   94.00;    4.6;   -0.2;   -0.2;eor
       1975;20241215;   10;  12.8;   5.4;    9;   6.0;   6;    0.000;   0;   7.4;   9.4; 1015.70;    6.5;   96.00;   10.9;    3.8;    2.2;eor
       1975;20241216;   10;  18.2;   7.8;    9;   0.5;   6;    0.000;   0;   7.5;  10.8; 1018.50;   10.0;   88.00;   11.3;    8.4;    7.8;eor
       1975;20241217;   10;  14.4;   5.8;    9;   0.0;   6;    0.000;   0;   7.7;   9.7; 1020.60;    8.9;   85.00;    9.7;    7.1;    6.2;eor
       1975;20241218;   10;  14.5;   6.9;    9;   4.7;   6;    0.000;   0;   7.8;  10.1; 1007.10;    9.2;   86.00;   11.5;    6.3;    5.0;eor
       1975;20241219;   10;  15.2;   6.8;    9;   4.3;   6;    0.300;   0;   7.0;  10.2;  993.30;    8.8;   88.00;   12.8;    4.7;    3.1;eor
       1975;20241220;   10;  13.2;   5.3;    9;   3.9;   6;    2.800;   0;   5.5;   7.3; 1009.20;    4.8;   84.00;    6.0;    3.7;    2.4;eor
       1975;20241221;   10;  14.8;   7.2;    9;   1.1;   6;    0.000;   0;   7.6;   8.9; 1004.50;    6.5;   92.00;    8.2;    4.5;    4.1;eor
       1975;20241222;   10;  10.7;   5.1;    9;   1.4;   6;    0.700;   0;   6.9;   7.7;  992.20;    5.1;   87.00;    8.0;    2.1;    0.5;eor
       1975;20241223;   10;  14.6;   5.7;    9;   0.0;   6;    0.200;   0;   4.8;   6.9; 1004.10;    4.4;   82.00;    7.3;    1.4;   -1.9;eor
       1975;20241224;   10;   8.4;   2.6;    9;   0.0;   6;    2.000;   0;   6.0;   6.7; 1022.10;    2.7;   90.00;    5.6;   -2.7;   -4.4;eor
       1975;20241225;   10;   6.9;   3.3;    9;   1.0;   6;    0.000;   0;   8.0;   9.8; 1030.60;    6.7;  100.00;    8.1;    4.9;    4.6;eor
       1975;20241226;   10;   5.6;   2.0;    9;   0.5;   6;    0.000;   0;   8.0;  10.0; 1035.10;    7.0;   99.00;    7.9;    5.8;    5.8;eor
       1975;20241227;   10;   5.0;   2.0;    9;   0.0;   6;    0.000;   0;   8.0;   7.9; 1032.90;    3.6;  100.00;    5.8;    2.3;    2.8;eor
       1975;20241228;   10;   6.3;   1.9;    9;   0.0;   0;    0.000;   0;   8.0;   6.5; 1027.70;    0.9;  100.00;    2.4;   -0.7;   -1.0;eor
       1975;20241229;   10;  10.4;   4.4;    9;   0.2;   6;    0.000;   0;   8.0;   6.9; 1023.70;    1.7;   99.00;    4.5;   -0.6;   -0.3;eor
       1975;20241230;   10;  13.9;   6.8;    9;   0.0;   6;    0.000;   0;   7.8;   8.5; 1021.00;    5.9;   92.00;    7.0;    4.5;    4.3;eor
       1975;20241231;   10;  16.2;   7.1;    9;   0.7;   6;    0.000;   0;   8.0;   7.6; 1018.10;    4.8;   89.00;    7.2;    2.5;    2.4;eor
       1975;20250101;    3;  22.0;  10.0;    3;  10.1;   6;    0.000;   0;   7.7;   8.7; 1002.30;    6.9;   87.00;    8.1;    4.9;    4.5;eor
       1975;20250102;    3;  13.7;   4.1;    3;   3.5;   8;    4.000;   0;   4.3;   6.7; 1005.40;    2.4;   92.00;    5.8;    0.6;   -0.9;eor
       1975;20250103;    3;  15.3;   4.6;    3;   5.0;   8;    0.000;   0;   6.0;   5.9; 1008.90;    0.1;   95.00;    1.2;   -1.4;   -4.1;eor
       1975;20250104;    3;   8.4;   3.7;    3;   0.0;   8;    0.000;   4;   7.0;   5.8; 1014.20;    0.0;   95.00;    1.2;   -2.7;   -5.5;eor
       1975;20250105;    3;  12.2;   5.2;    3;  13.1;   8;    0.000;   1;   7.6;   5.7;  999.00;    0.4;   91.00;    1.3;   -0.5;   -0.6;eor
       1975;20250106;    3;  23.7;   7.7;    3;   2.1;   6;    0.400;   0;   7.6;   9.5;  982.90;    8.2;   86.00;   11.7;    1.2;    0.8;eor
       1975;20250107;    3;  16.8;   7.5;    3;   0.9;   6;    0.200;   0;   6.0;   6.4;  992.00;    4.0;   79.00;    5.6;    0.9;   -0.7;eor
       1975;20250108;    3;  14.1;   6.7;    3;   0.0;   6;    4.200;   0;   5.7;   6.0;  996.60;    2.8;   81.00;    5.2;    0.5;   -0.8;eor
       1975;20250109;    3;   8.6;   2.0;    3;   2.2;   8;    0.000;   0;   7.8;   6.2;  998.30;    1.1;   94.00;    2.2;   -0.7;   -2.1;eor
       1975;20250110;    3;   8.9;   3.8;    3;   2.2;   8;    1.000;   0;   5.8;   6.1; 1009.60;    1.2;   92.00;    3.1;   -0.5;   -2.6;eor
       1975;20250111;    3;  14.2;   4.8;    3;   0.0;   0;    6.300;   0;   2.0;   4.6; 1020.20;   -0.2;   77.00;    2.1;   -1.9;   -4.2;eor
       1975;20250112;    3;   6.6;   2.9;    3;   0.0;   0;    6.800;   0;   0.3;   4.8; 1034.00;   -1.5;   87.00;    2.2;   -6.9;   -9.0;eor
       1975;20250113;    3;   7.9;   2.7;    3;   0.0;   6;    5.300;   0;   4.3;   4.4; 1038.60;   -3.5;   92.00;    1.0;   -8.7;  -10.6;eor
       1975;20250114;    3;   9.3;   4.4;    3;   0.1;   6;    0.000;   0;   7.8;   6.1; 1028.40;    1.1;   90.00;    5.3;   -2.9;   -4.3;eor
       1975;20250115;    3;   8.0;   3.1;    3;   0.0;   6;    0.000;   0;   8.0;   8.6; 1029.50;    5.0;   99.00;    5.9;    3.8;    3.4;eor
       1975;20250116;    3;   7.5;   3.5;    3;   0.0;   6;    0.000;   0;   8.0;   7.9; 1034.40;    3.6;  100.00;    4.3;    1.0;    1.3;eor
       1975;20250117;    3;   5.8;   2.8;    3;   0.0;   6;    0.000;   0;   8.0;   5.9; 1035.50;   -0.5;  100.00;    1.1;   -1.5;   -1.2;eor
       1975;20250118;    3;   4.2;   1.7;    3;   0.0;   8;    0.000;   0;   8.0;   5.3; 1031.90;   -2.0;  100.00;   -1.0;   -3.8;   -4.0;eor
       1975;20250119;    3;   4.4;   2.4;    3;   0.0;   0;    7.300;   0;   0.6;   5.0; 1022.90;   -1.4;   91.00;    3.3;   -4.7;   -5.4;eor
       1975;20250120;    3;   6.5;   2.5;    3;   0.0;   8;    0.000;   0;   6.9;   5.1; 1017.00;   -2.2;   99.00;   -1.1;   -3.8;   -5.3;eor
       1975;20250121;    3;   7.0;   3.6;    3;   0.0;   0;    0.000;   0;   8.0;   5.6; 1015.00;   -0.3;   94.00;    1.6;   -1.1;   -1.4;eor
       1975;20250122;    3;   7.6;   3.9;    3;   5.6;   6;    1.000;   0;   7.9;   5.5; 1006.20;    0.2;   88.00;    3.1;   -2.2;   -2.9;eor
       1975;20250123;    3;  11.5;   4.6;    3;   1.1;   6;    0.100;   0;   7.8;   7.2;  998.80;    3.9;   89.00;    6.1;    2.4;    1.1;eor
       1975;20250124;    3;  13.9;   6.4;    3;   4.3;   6;    0.200;   0;   7.6;   8.2; 1000.70;    5.9;   88.00;    7.8;    4.0;    2.3;eor
       1975;20250125;    3;   6.7;   2.7;    3;   3.1;   6;    1.300;   0;   7.4;   8.7; 1002.20;    5.5;   95.00;    7.0;    1.6;    0.8;eor
       1975;20250126;    3;  10.2;   2.4;    3;   2.0;   6;    0.000;   0;   7.4;   7.1; 1004.00;    2.9;   94.00;    3.8;    1.8;    0.9;eor
       1975;20250127;    3;  13.0;   5.4;    3;   3.9;   6;    2.400;   0;   6.9;   8.6;  991.10;    6.8;   87.00;   11.1;    2.5;    2.0;eor
       1975;20250128;    3;   7.5;   3.7;    3;   0.0;   0;    3.600;   0;   5.8;   8.1;  993.00;    6.2;   85.00;    9.2;    2.8;    0.2;eor
       1975;20250129;    3;  14.0;   4.4;    3;   3.9;   6;    0.000;   0;   7.3;   8.2;  997.30;    5.5;   90.00;    7.3;    1.8;   -0.5;eor
       1975;20250130;    3;   7.0;   3.1;    3;   0.0;   6;    0.300;   0;   6.9;   8.0; 1011.30;    5.1;   91.00;    6.8;    2.8;    0.0;eor
       1975;20250131;    3;  11.4;   3.9;    3;   0.0;   6;    6.600;   0;   4.5;   6.6; 1023.20;    3.8;   82.00;    6.9;    1.3;   -1.3;eor
       1975;20250201;    3;   3.6;   1.3;    3;   0.0;   0;    0.000;   0;   8.0;   6.5; 1030.50;    1.0;   97.96;    2.8;   -1.1;   -2.9;eor
       1975;20250202;    3;   4.5;   1.6;    3;   0.0;   0;    4.017;   0;   7.4;   5.6; 1025.87;   -0.2;   93.08;    3.2;   -2.1;   -4.8;eor
       1975;20250203;    3;   6.2;   1.7;    3;   0.0;   0;    8.183;   0;   2.9;   5.2; 1025.45;   -0.9;   90.88;    3.3;   -4.2;   -6.6;eor
       1975;20250204;    3;   7.5;   2.6;    3;   0.1;   6;    1.517;   0;   5.7;   5.7; 1025.28;    0.3;   91.25;    3.6;   -4.0;   -6.6;eor
       1975;20250205;    3;   9.2;   3.3;    3;   0.0;   6;    0.050;   0;   7.4;   7.6; 1032.48;    3.8;   94.13;    7.0;    1.0;   -0.1;eor
       1975;20250206;    3;   9.8;   2.5;    3;   0.0;   0;    3.083;   0;   6.7;   7.3; 1040.82;    4.1;   89.08;    6.3;    2.9;    2.2;eor
       1975;20250207;    3;  11.8;   5.9;    3;   0.0;   6;    0.100;   0;   7.6;   5.9; 1034.83;    2.8;   79.00;    3.9;    0.8;   -0.6;eor
       1975;20250208;    3;  10.5;   5.0;    3;   0.0;   0;    3.083;   0;   5.7;   5.3; 1026.72;    1.7;   76.96;    4.3;   -0.5;   -1.6;eor
       1975;20250209;    3;  12.6;   4.7;    3;   0.0;   0;    7.500;   0;   6.3;   5.6; 1030.55;    2.0;   79.33;    4.8;   -1.0;   -1.6;eor
       1975;20250210;    3;  11.8;   6.4;    3;   0.0;   0;    3.733;   0;   5.5;   5.5; 1029.84;    2.1;   77.42;    4.1;    0.1;   -1.3;eor
       1975;20250211;    3;  14.3;   6.5;    3;   0.0;   0;    0.683;   0;   5.3;   4.0; 1025.16;    0.6;   62.04;    2.5;   -1.4;   -2.7;eor
       1975;20250212;    3;  10.4;   5.6;    3;   0.0;   7;    5.600;   0;   5.0;   4.0; 1020.36;   -2.1;   75.67;    0.4;   -4.1;   -4.1;eor
       1975;20250213;    3;   8.4;   2.8;    3;   2.2;   8;    0.833;   0;   7.5;   5.1; 1018.97;   -1.1;   89.33;    1.9;   -5.8;   -7.0;eor
       1975;20250214;    3;   7.1;   2.2;    3;   0.0;   8;    0.000;   1;   8.0;   5.0; 1025.57;   -0.1;   82.13;    0.8;   -1.0;   -1.8;eor
       1975;20250215;    3;   6.2;   1.7;    3;   0.0;   7;    0.967;   0;   7.5;   4.8; 1023.58;   -0.6;   83.42;    2.2;   -3.8;   -6.0;eor
       1975;20250216;    3;   9.1;   3.2;    3;   0.0;   0;    3.833;   0;   4.3;   4.1; 1024.40;   -1.4;   75.21;    1.4;   -5.7;   -9.2;eor
       1975;20250217;    3;   4.6;   1.4;    3;   0.0;   0;    7.900;   0;   0.9;   3.3; 1026.08;   -3.9;   73.63;    1.4;   -8.2;  -10.7;eor
       1975;20250218;    3;   4.8;   1.3;    3;   0.0;   0;    8.600;   0;   0.0;   2.9; 1028.80;   -3.9;   66.42;    2.8;   -9.9;  -12.9;eor
       1975;20250219;    3;  11.3;   4.6;    3;   0.0;   0;    8.367;   0;   0.3;   3.0; 1027.90;   -1.6;   57.13;    4.0;   -7.0;  -10.5;eor
       1975;20250220;    3;   9.4;   5.2;    3;   0.2;   6;    5.083;   0;   5.6;   4.1; 1021.95;    1.1;   60.54;    4.9;   -3.6;   -5.2;eor
       1975;20250221;    3;   9.6;   4.2;    3;   0.5;   6;    3.083;   0;   7.5;   9.5; 1018.85;    7.6;   90.33;   12.7;    2.9;    2.1;eor
       1975;20250222;    3;   7.7;   3.9;    3;   0.0;   6;    1.433;   0;   7.5;   9.0; 1014.49;    8.3;   82.46;   12.0;    4.7;    3.1;eor
       1975;20250223;    3;   9.1;   3.5;    3;   0.0;   0;    1.283;   0;   6.5;   9.7; 1023.25;    8.8;   85.42;   11.9;    5.2;    0.6;eor
       1975;20250224;    3;  11.0;   5.1;    3;   0.5;   6;    0.100;   0;   7.9;   9.2; 1015.60;    9.3;   78.29;   12.7;    5.4;    3.8;eor
       1975;20250225;    3;   6.7;   2.4;    3;   0.0;   0;    1.150;   0;   7.8;   9.8; 1011.70;    8.5;   87.96;   11.9;    3.4;    1.4;eor
       1975;20250226;    3;-999;   1.6;    3;   0.0;   6;    0.000;   0;   6.7;   7.9; 1012.57;    4.7;   95.05;    9.0;    0.0;   -3.3;eor
       1975;20250227;    3;   8.0;   2.5;    3;   1.7;   6;    0.800;   0;   7.8;   7.7; 1013.22;    4.4;   92.46;    8.3;    1.2;   -1.8;eor
       1975;20250228;    3;   7.0;   2.8;    3;   0.1;   6;    0.000;   0;   7.8;   7.6; 1021.71;    3.8;   95.42;    4.4;    3.3;    2.6;eor
       1975;20250301;    3;   8.8;   2.8;    3;   0.0;   0;    2.950;   0;   7.0;   7.2; 1030.21;    3.7;   90.42;    6.1;    2.3;    0.7;eor
       1975;20250302;    3;   7.6;   3.0;    3;   0.0;   6;    0.000;   0;   7.6;   6.9; 1031.08;    3.7;   86.67;    6.2;    0.7;   -0.9;eor
       1975;20250303;    3;  12.5;   3.5;    3;   0.0;   0;    5.050;   0;   5.3;   6.4; 1026.31;    4.4;   77.54;    9.5;   -1.1;   -4.6;eor
       1975;20250304;    3;  10.9;   3.5;    3;   0.0;   0;    7.300;   0;   4.7;   7.2; 1023.04;    5.1;   81.67;   10.1;   -1.2;   -3.3;eor
       1975;20250305;    3;  11.0;   4.1;    3;   0.0;   0;    9.550;   0;   1.8;   6.3; 1019.53;    6.9;   65.79;   14.2;    0.8;   -3.4;eor
       1975;20250306;    3;  10.6;   2.6;    3;   0.0;   0;   10.200;   0;   0.0;   6.7; 1016.61;    7.4;   67.88;   16.7;   -1.1;   -5.2;eor
       1975;20250307;    3;   7.6;   1.8;    3;   0.0;   0;   10.217;   0;   0.0;   7.2; 1016.19;    9.4;   63.63;   18.0;    2.8;   -2.8;eor
       1975;20250308;    3;   8.8;   2.8;    3;   0.0;   0;   10.283;   0;   3.0;   6.8; 1014.67;    9.4;   61.79;   18.1;    1.3;   -2.9;eor
       1975;20250309;    3;   7.3;   2.4;    3;   0.0;   0;    9.917;   0;   2.6;   7.2; 1006.71;    8.3;   67.21;   16.5;    0.0;   -2.9;eor
       1975;20250310;    3;   4.9;   1.5;    3;   0.0;   6;    3.283;   0;   3.2;   6.7; 1000.33;    1.9;   95.25;    8.1;   -2.6;   -5.5;eor
       1975;20250311;    3;   6.3;   1.9;    3;   0.1;   6;    0.000;   0;   7.3;   7.0;  998.92;    2.2;   96.38;    6.1;   -2.1;   -3.1;eor
       1975;20250312;    3;   7.6;   3.2;    3;   0.0;   6;    0.867;   0;   6.5;   6.8;  996.87;    4.0;   83.58;    7.3;   -1.1;   -4.9;eor
       1975;20250313;    3;   9.6;   3.0;    3;   0.0;   6;    3.583;   0;   4.2;   5.9;  996.83;    2.2;   83.46;    7.5;   -4.0;   -7.7;eor
       1975;20250314;    3;   8.5;   1.9;    3;   0.7;   6;    0.017;   0;   7.1;   6.1; 1006.59;    2.0;   86.46;    5.6;   -2.7;   -6.1;eor
       1975;20250315;    3;   7.6;   2.3;    3;   0.0;   0;    6.767;   0;   2.4;   5.6; 1019.10;    2.2;   79.25;    8.3;   -3.8;   -7.3;eor
       1975;20250316;    3;  10.9;   2.8;    3;   0.3;   6;    2.533;   0;   4.9;   6.2; 1019.74;    1.9;   86.29;    7.1;   -5.6;   -9.3;eor
       1975;20250317;    1;   9.6;   3.0;    1;   0.0;   0;   10.650;   0;   3.0;   3.5; 1029.57;    2.3;   49.50;    7.4;   -4.3;   -8.8;eor
       1975;20250318;    1;   5.8;   1.4;    1;   0.0;   0;   11.067;   0;   0.8;   3.2; 1029.46;    1.6;   52.04;    9.8;   -6.7;  -10.4;eor
       1975;20250319;    1;   7.0;   2.2;    1;   0.0;   0;   11.250;   0;   0.0;   3.9; 1024.64;    5.3;   47.96;   14.6;   -4.0;   -8.7;eor
       1975;20250320;    1;   9.9;   2.1;    1;   0.0;   0;   10.200;   0;   2.0;   6.1; 1020.42;    8.3;   58.13;   18.7;   -1.5;   -6.0;eor
       1975;20250321;    1;  11.6;   3.6;    1;   0.0;   0;   11.183;   0;   0.7;   7.1; 1017.79;   10.4;   60.96;   19.4;    0.3;   -3.6;eor
       1975;20250322;    1;  18.0;   7.8;    1;   0.0;   0;   11.400;   0;   0.3;   6.1; 1011.64;   10.3;   50.92;   17.1;    5.0;    3.1;eor
       1975;20250323;    1;  10.2;   4.6;    1;   0.0;   0;    6.583;   0;   4.8;   7.1; 1006.01;    9.7;   60.79;   16.8;    4.2;    1.6;eor
       1975;20250324;    1;   7.7;   2.5;    1;   0.0;   0;    3.217;   0;   6.9;   8.4; 1010.91;    8.6;   76.83;   15.9;    3.0;    0.8;eor
       1975;20250325;    1;   8.9;   4.1;    1;   0.1;   6;    0.600;   0;   7.9;   8.7; 1015.70;    7.5;   84.33;   11.6;    4.6;    4.1;eor
       1975;20250326;    1;  10.5;   4.9;    1;   0.0;   6;    3.250;   0;   7.3;   8.8; 1019.03;    7.5;   84.63;   11.3;    3.8;   -0.7;eor
       1975;20250327;    1;   8.7;   2.9;    1;   0.0;   0;    6.750;   0;   5.4;   8.3; 1018.92;    7.6;   81.21;   14.1;    3.9;   -1.7;eor
       1975;20250328;    1;   9.2;   3.2;    1;   0.0;   6;   11.767;   0;   1.5;   7.7; 1010.16;   10.1;   65.96;   18.3;    2.5;   -3.0;eor
       1975;20250329;    1;  10.9;   4.4;    1;   1.4;   6;   10.117;   0;   3.8;   8.2; 1013.94;    8.4;   75.75;   12.9;    2.9;   -2.0;eor
       1975;20250330;    1;  17.0;   6.5;    1;   8.9;   6;    0.700;   0;   7.5;   9.0; 1007.54;    7.3;   87.96;    9.7;    3.7;    1.2;eor
       1975;20250331;    1;  11.1;   4.3;    1;   0.0;   0;    7.317;   0;   4.8;   7.5; 1021.53;    7.4;   74.08;   12.9;    1.6;   -2.1;eor
       1975;20250401;    1;   9.2;   3.1;    1;   0.0;   0;   11.683;   0;   0.2;   6.7; 1028.40;    7.4;   68.58;   15.0;   -2.0;   -4.4;eor
       1975;20250402;    1;  10.2;   3.6;    1;   0.0;   0;   12.000;   0;   0.7;   7.6; 1027.57;    7.7;   72.33;   15.8;   -0.1;   -3.3;eor
       1975;20250403;    1;   8.8;   2.5;    1;   0.0;   0;   12.217;   0;   3.4;   7.4; 1025.72;   10.8;   60.58;   19.3;    2.5;   -0.9;eor
       1975;20250404;    1;-999;-999;    1;   0.0;   0;   12.317;   0;  -999;  -999; 1020.12;   11.8;-999;   20.5;    2.7;    0.3;eor
       1975;20250405;    1;-999;-999;    1;   0.0;   0;    9.700;   0;   3.5;   6.0; 1020.73;    6.6;   63.50;   11.5;   -0.8;   -4.7;eor
       1975;20250406;    1;-999;-999;    1;   0.0;   0;   11.617;   0;   0.8;   4.6; 1026.11;    4.2;   59.63;    9.9;   -2.6;   -6.7;eor
       1975;20250407;    1;-999;-999;    1;   0.0;   0;   12.217;   0;   0.7;   5.6; 1025.10;    5.6;   63.38;   12.6;   -3.4;   -6.3;eor
       1975;20250408;    1;   7.4;-999;    1;   0.0;   0;    7.767;   0;   3.7;   7.5; 1025.43;    7.0;   77.00;   15.2;   -1.4;   -4.5;eor
       1975;20250409;    1;  10.3;   4.2;    1;   0.0;   6;    0.467;   0;   7.7;   8.0; 1022.53;    6.1;   85.21;   10.3;    3.2;    0.9;eor
       1975;20250410;    1;  14.8;   4.4;    1;   0.0;   6;    9.433;   0;   6.3;   8.4; 1022.40;    8.7;   75.54;   12.7;    6.4;    5.5;eor
       1975;20250411;    1;  15.6;   6.9;    1;   0.0;   0;    4.817;   0;   7.3;   9.6; 1016.02;    9.8;   79.08;   14.6;    6.8;    6.6;eor
       1975;20250412;    1;   6.0;   2.5;    1;   0.0;   0;    9.433;   0;   3.8;   9.2; 1011.43;   12.7;   67.25;   19.6;    7.5;    5.2;eor
       1975;20250413;    1;  13.3;   4.1;    1;   5.7;   6;    2.733;   0;   5.2;  10.6; 1002.20;   12.5;   72.58;   18.2;    5.8;    2.1;eor
       1975;20250414;    1;  10.0;   2.9;    1;   0.0;   0;    8.517;   0;   5.5;  10.5; 1007.57;   11.9;   76.54;   16.3;    5.9;    4.4;eor
       1975;20250415;    1;  15.4;   5.8;    1;   0.0;   6;    9.717;   0;   4.6;  11.9; 1000.88;   17.4;   60.88;   24.9;    9.7;    6.8;eor
       1975;20250416;    1;  10.9;   2.8;    1;   2.3;   6;    7.150;   0;  -999;  -999; 1005.13;   16.9;-999;   23.6;    9.3;    8.9;eor
       1975;20250417;    1;   9.8;   4.9;    1;   0.8;   6;    0.000;   0;   7.8;  11.5; 1007.01;    9.7;   95.71;   10.9;    8.3;    8.1;eor
       1975;20250418;    1;   9.7;   4.1;    1;  16.8;   6;    0.000;   0;   7.8;  10.3; 1009.41;    8.6;   92.04;    9.6;    7.8;    7.6;eor
       1975;20250419;    1;   6.6;   2.7;    1;   3.8;   6;    0.000;   0;   7.8;   9.9; 1007.50;    7.7;   94.21;    8.9;    5.4;    3.2;eor
       1975;20250420;    1;   6.4;   2.4;    1;   0.0;   0;    5.100;   0;   5.4;   9.1; 1005.39;    7.5;   88.46;   13.2;    3.1;    0.6;eor
       1975;20250421;    1;   7.0;   1.6;    1;   0.1;   6;    4.100;   0;   6.8;  10.6; 1008.56;   10.7;   82.79;   17.1;    2.7;    1.3;eor
       1975;20250422;    1;   9.4;   2.4;    1;   0.0;   6;    7.667;   0;   6.6;  11.6; 1014.14;   11.8;   84.63;   16.6;    6.8;    4.1;eor
       1975;20250423;    1;   6.8;   2.5;    1;   0.7;   6;    2.417;   0;   7.5;  10.8; 1015.23;   11.5;   80.79;   16.6;    4.8;    2.0;eor
       1975;20250424;    1;   9.1;   3.9;    1;   0.0;   0;    7.967;   0;   7.0;  10.5; 1016.45;   12.2;   74.50;   16.3;    7.9;    7.1;eor
       1975;20250425;    1;   9.0;   3.0;    1;   0.0;   0;    6.900;   0;   4.8;   9.1; 1020.33;   10.4;   73.83;   16.4;    4.7;    1.9;eor
       1975;20250426;    1;  10.0;   3.6;    1;   0.0;   0;   12.400;   0;   1.8;   7.7; 1023.93;   11.1;   61.25;   18.1;    3.0;    0.4;eor
       1975;20250427;    1;  10.8;   3.3;    1;   0.0;   0;   13.667;   0;   0.7;   6.7; 1025.70;   11.7;   51.75;   18.0;    3.8;    0.8;eor
       1975;20250428;    1;   7.8;   2.3;    1;   0.0;   0;   12.300;   0;  -999;  -999; 1024.75;   13.0;-999;   20.4;    2.9;   -0.6;eor
       1975;20250429;    1;   8.2;   3.1;    1;   0.0;   0;   12.483;   0;   4.6;  11.8; 1024.38;   13.6;   78.50;   20.0;    5.5;    3.0;eor
       1975;20250430;    1;   6.8;   2.1;    1;   0.0;   0;   10.817;   0;   4.9;  12.1; 1022.57;   13.8;   79.46;   21.6;    7.2;    4.5;eor
       1975;20250501;    1;   8.0;   2.6;    1;   0.0;   0;   13.533;   0;   5.5;  11.9; 1017.39;   18.2;   61.63;   26.4;    7.2;    2.0;eor
       1975;20250502;    1;  10.6;   3.6;    1;   0.0;   0;    6.283;   0;   6.8;  12.1; 1011.45;   16.0;   67.67;   23.8;    6.5;    3.5;eor
       1975;20250503;    1;  10.6;   2.8;    1;   2.2;   4;    7.617;   0;   4.8;   8.9; 1007.92;   10.6;   72.00;   16.5;    4.4;    1.0;eor
       1975;20250504;    1;  12.9;   4.5;    1;   2.8;   4;    1.200;   0;   7.5;   9.3; 1008.40;    8.9;   81.79;   11.8;    6.3;    5.0;eor
       1975;20250505;    1;  10.0;   2.9;    1;   0.0;   4;    8.600;   0;   3.8;   7.8; 1017.05;    8.0;   74.21;   12.9;    0.7;   -2.0;eor
       1975;20250506;    1;  10.8;   2.9;    1;   0.0;   4;    5.550;   0;   6.4;   8.1; 1017.20;    8.8;   73.17;   15.8;    0.5;   -2.5;eor
       1975;20250507;    1;   7.9;   2.5;    1;   0.0;   0;    9.317;   0;   6.0;   8.0; 1019.12;   10.6;   64.83;   17.2;    0.7;   -2.0;eor
       1975;20250508;    1;   7.6;   2.1;    1;   0.0;   0;   10.450;   0;   3.5;   7.1; 1018.90;   11.1;   57.88;   17.5;    4.4;   -1.0;eor
       1975;20250509;    1;-999;-999;    1;   0.0;   0;   14.150;   0;  -999;  -999;    -999;   11.5;-999;   19.5;    1.7;   -2.3;eor
       1975;20250510;    1;-999;-999;    1;   0.0;   0;    8.983;   0;  -999;  -999;    -999;   12.5;-999;   20.5;    4.9;    0.6;eor
       1975;20250511;    1;-999;-999;    1;   0.0;   0;   14.317;   0;  -999;  -999;    -999;   14.5;-999;   22.0;    7.9;    6.1;eor
       1975;20250512;    1;-999;-999;    1;   0.0;   0;   14.500;   0;  -999;  -999;    -999;   12.0;-999;   18.0;    5.0;    2.5;eor
       1975;20250513;    1;-999;-999;    1;   0.0;   0;   14.483;   0;  -999;  -999;    -999;   13.5;-999;   22.0;    2.9;   -0.9;eor
       1975;20250514;    1;  12.7;-999;    1;   0.0;   0;   12.667;   0;  -999;  10.5; 1014.68;   12.3;   73.25;   17.0;    7.1;    2.2;eor
       1975;20250515;    1;  11.8;   3.8;    1;   0.0;   0;   14.250;   0;   0.8;   7.7; 1016.86;   12.0;   57.75;   18.2;    4.5;    1.8;eor
       1975;20250516;    1;  11.7;   4.0;    1;   0.0;   6;    9.017;   0;   2.5;   9.6; 1016.07;   11.9;   69.71;   18.8;    4.6;    1.1;eor
       1975;20250517;    1;   9.7;   3.4;    1;   0.1;   6;    5.417;   0;   4.4;   9.5; 1013.00;   12.4;   67.92;   20.0;    3.4;   -0.6;eor
       1975;20250518;    1;  11.4;   3.4;    1;   0.0;   6;    4.967;   0;   7.0;   9.8; 1013.38;   13.4;   65.92;   19.6;    6.1;    2.6;eor
       1975;20250519;    1;   7.8;   2.2;    1;   0.0;   0;    4.767;   0;   6.8;  10.6; 1017.10;   15.3;   62.83;   21.7;    9.1;    4.8;eor
       1975;20250520;    1;  11.5;   3.4;    1;   0.0;   0;   13.883;   0;   1.3;  10.7; 1014.43;   15.4;   65.17;   23.2;    6.3;    1.8;eor
       1975;20250521;    1;  14.2;   6.5;    1;   0.0;   4;    6.417;   0;   6.0;   9.6; 1008.60;   12.4;   67.17;   16.7;    8.4;    6.8;eor
       1975;20250522;    1;  18.0;   5.4;    1;   6.9;   6;    5.800;   0;   6.7;   7.7; 1007.96;    8.3;   70.54;   12.2;    4.4;    2.6;eor
       1975;20250523;    1;  11.9;   4.6;    1;   0.1;   6;   11.017;   0;   6.2;   7.9; 1010.57;    9.7;   67.63;   15.5;    3.6;    2.1;eor
       1975;20250524;    1;  11.7;   5.2;    1;   0.2;   6;    6.867;   0;   6.5;   9.7; 1010.84;   13.0;   66.38;   20.0;    6.8;    5.3;eor
       1975;20250525;    1;  21.3;   4.6;    1;   5.2;   6;    2.150;   0;   7.6;  14.4; 1005.89;   14.1;   89.46;   19.4;   10.0;    6.5;eor
       1975;20250526;    1;  12.4;   3.1;    1;   4.3;   6;    8.650;   0;   5.9;  12.2; 1012.25;   13.1;   81.67;   19.1;    8.9;    5.4;eor
       1975;20250527;    1;  15.9;   6.0;    1;   8.7;   6;    0.383;   0;   7.7;  13.2; 1011.15;   14.1;   82.46;   16.9;   11.4;    9.8;eor
       1975;20250528;    1;  12.4;   5.3;    1;   2.4;   6;    3.900;   0;   6.1;  13.9; 1008.97;   14.5;   84.42;   18.2;    9.6;    7.0;eor
